:nominal
a,50,1,a
b,50,1,b
c,50,1,c
next-note,50,2,z

:data
16 14 16 11
15 17 18 10
19 20 19 14
19 20 19 14
9 14 16 14
12 14 15 10
16 17 19 11
18 20 18 10
22 20 19 14
18 17 15 10
19 17 19 10
19 21 19 11
22 20 18 11
19 20 18 10
22 20 19 14
21 20 18 8
24 22 21 17
17 16 12 10
16 20 19 14
18 17 15 13
16 14 16 11
15 17 18 10
19 20 19 10
22 21 19 14
19 17 15 14
25 22 15 13
21 14 16 14
12 14 15 10
16 17 19 11
18 20 18 10
22 20 19 14
18 17 15 10
19 17 19 10
19 21 19 10
23 21 19 11
22 20 18 13
19 17 16 13
16 15 16 14
13 14 15 13
13 14 16 7
19 21 22 13
20 21 16 14
19 14 15 10
16 17 19 11
18 20 18 10
22 20 19 19
13 12 10 8
16 14 21 11
15 22 18 10
24 20 19 10
22 21 19 14
19 17 15 14
15 13 15 13
12 14 16 11
15 17 18 13
16 17 16 14
15 14 15 14
12 13 15 10
15 17 19 14
15 17 15 14
15 13 15 13
12 14 16 9
17 19 20 10
21 22 19 11
23 20 18 10
22 20 19 17
15 14 12 14
12 10 15 5
13 15 17 14
13 15 15 10
17 17 19 14
15 17 15 14
15 13 15 13
12 14 16 15
11 13 14 11
14 15 18 8
19 22 21 11
23 22 18 10
8 13 15 13
12 14 16 14
24 21 19 12
19 17 19 10
19 21 19 11
22 20 18 8
24 22 21 11
23 22 18 10
24 20 19 13
19 18 16 11
19 17 18 10
19 20 19 11
21 20 18 16
16 14 13 11
15 14 18 10
16 20 19 14
18 17 15 10
19 17 19 10
19 21 19 14
19 17 15 14
15 13 15 13
12 14 16 9
17 19 20 14
17 18 15 5
25 22 24 14
20 22 15 13
21 14 16 11
15 17 18 13
16 17 16 14
15 14 15 14
12 13 15 10
15 17 19 14
15 17 15 13
16 14 16 14
12 14 15 12
14 15 17 0
27 29 29 17
24 24 12 17
19 7 12 11
19 17 15 10
19 17 19 14
15 17 15 14
21 20 18 13
19 17 16 10
19 18 19 11
19 20 18 13
19 17 16 11
18 17 18 13
16 17 16 14
15 14 15 14
12 13 15 10
15 17 19 14
15 17 15 10
19 17 19 10
19 21 19 9
24 22 20 11
23 21 18 13
20 17 16 11
18 17 18 13
16 17 16 10
19 18 19 11
19 20 18 10
22 20 19 11
21 20 18 10
22 20 19 14
18 17 15 13
16 14 16 14
12 14 15 10
16 17 19 11
18 20 18 13
19 17 16 14
15 14 15 13
13 14 16 9
17 19 20 13
18 19 16 14
17 14 15 10
16 17 19 11
18 20 18 14
18 16 15 13
15 14 16 14
12 14 15 9
17 18 20 13
17 19 16 14
17 14 15 10
16 17 19 11
18 20 18 14
18 16 15 13
15 14 16 14
12 14 15 9
17 18 20 13
17 19 16 0
31 28 29 14
26 27 15 13
26 14 16 14
12 14 15 14
12 13 15 10
15 17 19 14
15 17 15 13
16 14 16 11
15 17 18 10
19 20 19 10
22 21 19 16
17 15 13 10
17 15 19 10
17 21 19 14
19 17 15 14
15 13 15 10
15 17 19 10
19 21 19 11
22 20 18 15
17 15 14 10
17 16 19 11
17 20 18 13
19 17 16 14
15 14 15 10
16 17 19 17
12 14 12 11
15 13 18 13
12 17 16 6
23 22 23 10
24 25 19 14
23 17 15 13
16 14 16 11
15 17 18 17
12 13 12 10
15 14 19 14
12 17 15 5
15 17 18 10
19 20 19 10
22 21 19 16
17 15 13 10
17 15 19 10
17 21 19 14
19 17 15 14
15 13 15 10
15 17 19 10
19 21 19 11
22 20 18 15
17 15 14 10
7 12 17 12
12 17 17 11
18 18 18 10
20 20 19 14
22 12 17 12
12 17 17 11
18 18 18 10
20 20 19 14
18 17 15 13
16 14 16 9
17 19 20 5
26 27 24 17
22 19 12 5
26 19 24 11
12 17 15 13
16 14 16 11
15 17 18 10
19 20 19 10
22 21 19 16
17 15 13 10
17 15 19 10
17 21 19 14
19 17 15 14
15 13 15 10
15 17 19 10
19 21 19 11
22 20 18 15
17 15 14 11
16 15 18 16
11 14 13 11
15 14 18 10
16 20 19 10
22 21 19 10
23 21 19 11
22 20 18 10
22 20 19 10
22 21 19 11
22 20 18 17
15 13 12 17
8 7 12 12
7 12 17 12
12 17 17 10
19 19 19 10
21 21 19 14
19 17 15 10
19 17 19 11
18 20 18 13
19 17 16 11
18 17 18 17
12 13 12 10
15 14 19 14
12 17 15 10
19 17 19 10
19 21 19 11
22 20 18 15
17 15 14 10
17 16 19 11
17 20 18 13
19 17 16 14
15 14 15 10
16 17 19 11
18 20 18 10
22 20 19 15
17 16 14 11
17 15 18 11
16 19 18 16
15 14 13 11
22 20 18 10
22 20 19 15
14 16 15 12
8 10 17 17
5 12 12 14
10 10 15 13
9 14 16 11
16 17 17 10
19 19 19 11
15 17 18 12
23 19 19 11
20 20 18 13
9 14 16 14
12 14 15 14
12 13 15 10
15 17 19 14
15 17 15 13
16 14 16 11
15 17 18 10
19 20 19 10
22 21 19 16
17 15 13 10
17 15 19 10
17 21 19 14
19 17 15 14
15 13 15 10
15 17 19 10
19 21 19 11
22 20 18 15
17 15 14 10
17 16 19 11
17 20 18 17
15 13 12 17
8 7 12 12
7 12 17 14
10 15 15 10
17 17 19 14
15 17 15 13
16 14 16 10
16 18 19 11
19 20 18 10
22 20 19 15
17 16 14 11
17 15 18 10
17 20 19 14
18 17 15 13
16 14 16 11
15 17 18 15
14 15 14 11
16 15 18 10
17 20 19 11
21 20 18 13
19 17 16 14
15 14 15 11
15 16 18 16
12 14 13 11
15 14 18 11
15 19 18 11
20 19 18 10
21 20 19 12
20 19 17 10
21 19 19 16
15 15 13 7
20 18 22 13
17 21 16 14
19 14 15 14
12 13 15 10
15 17 19 15
14 16 14 11
17 15 18 10
17 20 19 11
21 20 18 11
21 19 18 11
20 19 18 11
20 19 18 11
4 12 17 12
12 17 17 11
18 18 18 10
20 20 19 14
18 17 15 13
19 17 16 14
15 14 15 10
16 17 19 11
18 20 18 10
22 20 19 15
17 16 14 11
22 20 18 12
20 19 16 14
16 20 19 15
16 17 19 11
22 17 16 12
20 20 19 14
18 17 15 13
16 14 16 12
14 16 17 12
16 17 17 10
19 19 19 11
20 20 18 13
19 17 16 9
17 19 19 10
21 21 19 11
23 20 19 10
22 21 19 16
24 21 19 11
22 20 18 13
19 17 16 9
20 19 20 14
22 20 19 12
13 14 13 11
15 14 18 8
18 22 21 11
11 17 17 12
36 14 13 11
15 14 18 10
16 20 19 12
20 19 17 14
17 15 15 13
14 14 16 14
12 14 15 14
12 13 15 10
15 17 19 14
15 17 15 13
16 14 16 11
15 17 18 10
19 20 19 10
22 21 19 16
17 15 13 10
17 15 19 10
17 21 19 14
19 17 15 14
15 13 15 10
15 17 19 10
19 21 19 11
22 20 18 15
17 15 14 10
17 16 19 24
4 7 5 17
2 0 12 12
0 12 17 12
12 17 17 11
18 18 18 10
20 20 19 14
18 17 15 0
29 27 29 17
22 24 12 11
25 13 18 20
5 10 9 17
5 4 12 12
4 12 17 12
12 17 17 11
18 18 18 10
20 20 19 14
18 17 15 13
16 14 16 8
18 20 21 12
20 21 17 12
21 17 17 11
18 18 18 10
20 20 19 14
18 17 15 10
19 17 19 12
17 19 17 17
14 12 12 14
10 10 15 12
10 15 17 10
17 19 19 10
21 21 19 11
22 20 18 12
20 18 17 0
30 29 29 17
24 24 12 12
24 12 17 12
12 17 17 10
19 19 19 11
20 20 18 13
19 17 16 14
15 14 15 14
12 13 15 8
17 19 21 17
14 16 12 11
17 13 18 13
12 17 16 14
15 14 15 10
16 17 19 11
18 20 18 10
22 20 19 15
17 16 14 11
17 15 18 10
17 20 19 14
18 17 15 13
16 14 16 11
15 17 18 10
19 20 19 11
21 20 18 15
17 15 14 10
17 16 19 15
13 16 14 17
11 9 12 12
9 12 17 12
12 17 17 14
15 15 15 17
10 10 12 12
10 12 17 12
12 17 17 10
19 19 19 11
20 20 18 10
22 20 19 12
20 19 17 12
19 17 17 10
19 19 19 11
20 20 18 13
19 17 16 11
18 17 18 10
19 20 19 10
22 21 19 11
22 20 18 13
19 17 16 11
18 17 18 10
19 20 19 15
18 17 18 12
21 20 19 11
21 20 18 13
18 17 17 10
19 19 19 11
20 20 18 13
19 17 16 8
21 20 21 12
20 21 17 12
21 17 17 11
18 18 18 10
20 20 19 10
22 21 19 10
23 21 19 11
22 20 18 10
22 20 19 11
21 20 18 15
17 15 14 17
10 9 12 12
9 12 17 12
12 17 17 11
18 18 18 10
20 20 19 10
22 21 19 14
19 17 15 12
15 17 17 10
19 19 19 11
20 20 18 13
19 17 16 14
15 14 15 14
12 13 15 13
12 14 16 11
16 17 19 15
14 16 14 14
14 12 15 12
12 15 17 12
15 17 17 10
19 19 19 11
20 20 18 13
15 14 18 10
16 20 19 11
21 20 18 13
19 17 16 11
18 17 18 13
24 17 18 13
16 17 16 14
15 14 15 11
17 11 12 12
20 20 18 13
19 17 16 14
15 14 15 12
14 15 17 14
13 15 15 13
14 14 16 11
15 17 18 10
19 20 19 14
18 17 15 10
19 17 19 10
19 21 19 14
19 17 15 14
15 13 15 10
15 17 19 11
18 20 18 13
19 17 16 14
15 14 15 12
14 15 17 12
15 17 17 10
19 19 19 10
21 21 19 11
22 20 18 10
22 20 19 11
21 20 18 8
24 22 21 12
22 21 17 12
21 17 17 10
19 19 19 10
21 21 19 14
19 17 15 12
17 15 17 12
15 17 17 10
19 19 19 11
20 20 18 13
19 17 16 11
18 17 18 10
19 20 19 14
18 17 15 5
24 22 24 17
17 19 12 12
19 12 17 12
12 17 17 10
19 19 19 11
20 20 18 15
17 15 14 15
12 11 14 14
9 12 15 10
14 17 19 11
18 20 18 10
22 20 19 19
13 12 10 13
11 9 16 11
10 17 18 13
16 17 16 14
15 14 15 10
16 17 19 11
18 20 18 10
20 20 19 14
15 14 18 17
9 13 12 11
14 13 18 16
9 14 13 11
15 14 18 10
16 20 19 17
15 14 12 11
15 13 18 16
9 14 13 11
15 14 18 10
16 20 19 17
15 14 12 10
16 14 19 11
15 20 18 10
22 20 19 12
20 19 17 19
12 10 10 9
13 13 20 16
9 16 13 11
17 14 18 17
9 13 12 11
14 13 18 13
12 17 16 8
21 20 21 14
18 19 15 10
21 17 19 11
18 20 18 13
19 17 16 11
18 17 18 12
17 18 17 14
16 15 15 10
17 17 19 20
9 11 9 11
12 10 18 10
12 20 19 10
22 21 19 16
17 15 13 17
10 8 12 10
10 14 19 14
12 17 15 13
16 14 16 14
12 14 15 10
16 17 19 11
18 20 18 10
22 20 19 14
18 17 15 10
19 17 19 10
19 21 19 11
22 20 18 10
22 20 19 10
22 21 19 10
23 21 19 11
22 20 18 10
22 20 19 15
17 16 14 14
14 12 15 14
10 13 15 10
15 17 19 10
19 21 19 11
22 20 18 14
18 16 15 13
15 14 16 14
12 14 15 10
16 17 19 11
18 20 18 13
19 17 16 14
15 14 15 14
12 13 15 13
12 14 16 11
15 17 18 13
16 17 16 11
18 17 18 13
16 17 16 14
15 14 15 14
12 13 15 10
15 17 19 14
15 17 15 13
16 14 16 11
15 17 18 10
19 20 19 10
22 21 19 16
17 15 13 10
17 15 19 10
17 21 19 14
19 17 15 14
15 13 15 10
15 17 19 10
19 21 19 11
22 20 18 15
17 15 14 10
17 16 19 11
17 20 18 13
19 17 16 14
15 14 15 10
16 17 19 11
18 20 18 10
22 20 19 15
17 16 14 11
17 15 18 10
17 20 19 14
18 17 15 13
16 14 16 11
15 17 18 10
19 20 19 10
22 21 19 16
17 15 13 10
17 15 19 10
17 21 19 14
19 17 15 14
15 13 15 10
15 17 19 10
19 21 19 11
22 20 18 13
19 17 16 9
20 19 20 15
16 17 14 14
15 12 15 15
9 12 14 11
13 15 18 15
12 15 14 10
17 16 19 11
17 20 18 10
22 20 19 11
21 20 18 10
22 20 19 14
18 17 15 15
14 12 14 10
14 16 19 11
17 20 18 11
21 19 18 12
19 18 17 2
28 27 27 17
22 22 12 12
22 12 17 12
12 17 17 11
18 18 18 10
20 20 19 14
18 17 15 13
16 14 16 0
26 28 29 14
26 27 15 13
26 14 16 14
12 14 15 14
12 13 15 10
15 17 19 14
15 17 15 13
16 14 16 11
15 17 18 10
19 20 19 10
22 21 19 12
21 19 17 14
17 15 15 14
13 13 15 10
15 17 19 10
19 21 19 11
22 20 18 15
17 15 14 10
17 16 19 11
17 20 18 13
19 17 16 14
15 14 15 10
16 17 19 14
15 17 15 14
15 13 15 13
12 14 16 14
12 14 15 10
16 17 19 14
15 17 15 14
15 13 15 10
15 17 19 10
19 21 19 11
22 20 18 15
17 15 14 10
17 16 19 11
17 20 18 13
19 17 16 14
15 14 15 10
16 17 19 11
18 20 18 10
22 20 19 15
17 16 14 11
17 15 18 10
17 20 19 14
18 17 15 13
16 14 16 11
15 17 18 10
19 20 19 10
22 21 19 16
17 15 13 10
17 15 19 10
17 21 19 11
22 20 18 10
22 20 19 10
22 21 19 11
22 20 18 10
22 20 19 11
21 20 18 13
19 17 16 14
15 14 15 17
9 10 12 17
5 7 12 12
7 12 17 12
12 17 17 11
18 18 18 10
20 20 19 14
18 17 15 13
16 14 16 8
18 20 21 9
23 24 20 14
22 18 15 9
21 18 20 13
17 19 16 12
19 16 17 12
16 17 17 10
19 19 19 10
21 21 19 11
22 20 18 12
20 18 17 12
18 17 17 10
19 19 19 11
20 20 18 13
19 17 16 11
18 17 18 10
19 20 19 15
17 16 14 11
17 15 18 10
17 20 19 14
18 17 15 13
16 14 16 11
15 17 18 10
19 20 19 10
22 21 19 16
17 15 13 10
17 15 19 10
17 21 19 14
19 17 15 14
15 13 15 10
15 17 19 15
14 16 14 11
17 15 18 10
17 20 19 11
21 20 18 20
12 10 9 17
5 4 12 12
4 12 17 12
12 17 17 10
19 19 19 10
21 21 19 14
19 17 15 15
14 12 14 11
13 15 18 10
17 20 19 11
21 20 18 10
22 20 19 14
18 17 15 8
21 19 21 17
14 16 12 11
17 13 18 13
12 17 16 14
15 14 15 13
13 14 16 11
15 17 18 13
16 17 16 14
15 14 15 14
12 13 15 11
14 16 18 13
15 17 16 14
15 14 15 12
14 15 17 13
14 16 16 14
14 14 15 14
12 13 15 10
15 17 19 14
15 17 15 13
16 14 16 11
15 17 18 10
19 20 19 10
22 21 19 16
17 15 13 10
17 15 19 10
17 21 19 14
19 17 15 14
15 13 15 10
15 17 19 10
19 21 19 11
22 20 18 15
17 15 14 19
8 7 10 11
8 11 18 13
10 17 16 12
17 16 17 12
16 17 17 11
18 18 18 10
20 20 19 14
18 17 15 13
16 14 16 14
12 14 15 9
17 18 20 8
22 24 21 10
26 23 19 14
21 17 15 13
16 14 16 11
15 17 18 10
19 20 19 10
22 21 19 16
17 15 13 10
17 15 19 10
17 21 19 14
19 17 15 14
15 13 15 10
15 17 19 10
19 21 19 11
22 20 18 15
17 15 14 10
17 16 19 16
12 15 13 17
10 8 12 14
6 10 15 13
9 14 16 14
12 14 15 14
12 13 15 10
15 17 19 14
15 17 15 13
16 14 16 11
15 17 18 10
19 20 19 10
22 21 19 16
17 15 13 10
17 15 19 10
17 21 19 14
19 17 15 14
15 13 15 10
15 17 19 10
19 21 19 11
22 20 18 15
17 15 14 10
17 16 19 11
17 20 18 13
19 17 16 14
15 14 15 10
16 17 19 10
19 21 19 11
22 20 18 15
17 15 14 10
17 16 19 11
17 20 18 5
27 25 24 17
20 19 12 12
19 12 17 12
12 17 17 12
17 17 17 14
15 15 15 13
14 14 16 11
15 17 18 10
19 20 19 10
22 21 19 16
17 15 13 10
17 15 19 10
17 21 19 14
19 17 15 14
15 13 15 10
15 17 19 10
19 21 19 11
22 20 18 12
20 18 17 10
20 19 19 11
20 20 18 13
19 17 16 19
10 9 10 11
10 11 18 16
7 14 13 11
15 14 18 10
16 20 19 19
13 12 10 12
12 10 17 12
10 17 17 10
19 19 19 10
21 21 19 11
22 20 18 12
20 18 17 12
18 17 17 10
19 19 19 10
21 21 19 14
19 17 15 10
19 17 19 12
17 19 17 11
20 18 18 8
22 22 21 11
23 22 18 13
21 17 16 12
17 16 17 14
14 15 15 12
15 15 17 17
10 12 12 12
12 12 17 12
12 17 17 11
18 18 18 12
18 18 17 13
17 16 16 14
14 14 15 13
13 14 16 11
15 17 18 13
16 17 16 11
18 17 18 10
19 20 19 11
21 20 18 13
19 17 16 11
18 17 18 11
18 19 18 11
20 19 18 11
20 19 18 11
20 19 18 14
17 16 15 14
14 13 15 13
12 14 16 8
18 20 21 12
20 21 17 12
21 17 17 11
18 18 18 10
20 20 19 14
18 17 15 14
15 13 15 10
15 17 19 14
15 17 15 12
17 15 17 10
17 19 19 12
19 19 17 10
21 19 19 11
20 20 18 13
19 17 16 12
17 16 17 7
21 22 22 10
24 24 19 10
26 21 19 11
22 20 18 10
22 20 19 14