:nominal
a,50,1,a
b,50,1,b
c,50,1,c
d,50,1,d
next-note,50,2,z

:data
4 12 17 17 9 2
14 15 14 18 6 1
12 14 15 18 6 1
14 19 17 19 8 1
12 15 14 18 8 1
12 19 19 19 8 1
7 12 14 15 8 1
10 17 16 17 10 1
15 17 18 20 6 1
18 23 22 23 8 1
12 13 14 16 5 1
17 24 20 19 8 1
10 15 14 15 8 1
11 16 14 16 9 1
10 14 13 18 11 1
5 10 15 15 8 1
17 16 14 21 9 1
15 17 15 18 8 2
12 15 17 19 8 1
14 19 19 19 8 2
14 17 16 19 9 1
17 19 12 17 10 1
13 15 14 18 9 1
12 11 9 16 9 1
12 17 19 19 8 1
13 18 18 18 8 8
21 19 18 17 0 1
10 12 12 17 10 1
7 12 17 17 8 1
5 7 12 17 10 1
8 11 9 12 10 1
4 5 7 12 10 1
17 18 17 15 3 1
10 17 14 18 15 1
15 17 18 15 3 1
18 20 18 18 6 1
17 19 17 19 8 1
15 16 15 18 8 1
15 17 15 17 8 1
14 16 14 16 8 1
13 12 10 17 10 1
13 15 13 15 8 1
14 19 19 19 9 3
15 17 13 18 11 2
11 14 17 19 9 1
13 15 13 18 11 1
10 12 13 15 8 5
19 17 19 20 3 1
7 12 17 17 9 2
7 5 4 12 10 1
7 12 14 16 12 1
7 10 8 12 12 1
17 16 14 16 6 2
22 22 12 17 10 1
17 16 14 19 9 1
13 12 14 16 6 1
13 12 13 15 6 1
15 17 19 20 8 1
19 21 14 16 9 1
16 20 19 18 8 1
14 16 17 19 9 5
15 17 14 15 8 1
12 15 17 17 8 1
14 16 14 16 9 7
12 14 14 16 9 1
10 12 14 15 8 1
10 10 12 17 10 1
9 8 11 18 11 1
13 18 18 18 10 1
12 14 12 15 10 1
9 11 14 19 12 1
12 17 17 19 12 1
10 15 14 15 11 1
11 16 14 16 12 1
10 14 13 18 14 1
5 9 14 16 12 1
7 12 14 15 12 2
19 17 15 19 8 13
13 12 17 15 3 1
17 15 14 18 8 1
18 17 15 18 8 5
17 16 14 16 7 1
20 21 17 19 9 1
20 19 12 17 10 1
15 15 17 19 8 1
17 19 19 19 8 1
17 18 17 18 8 1
14 13 14 16 7 1
18 22 21 19 8 1
18 22 20 18 8 1
18 19 14 15 8 1
16 17 14 15 8 1
14 16 17 17 8 1
14 15 14 15 8 1
10 10 15 17 8 1
12 12 13 15 8 1
17 22 20 19 10 1
10 9 12 15 8 1
12 10 8 12 8 1
14 18 17 15 8 1
10 12 17 17 8 1
11 12 14 16 9 2
10 9 12 17 10 1
16 21 20 21 12 1
14 15 14 19 12 2
11 13 15 15 8 1
8 7 12 17 10 1
9 12 17 17 9 1
5 4 12 17 10 2
9 11 13 14 9 1
11 15 14 12 8 1
18 17 20 18 3 1
19 17 16 17 5 1
9 16 17 16 12 1
19 19 17 16 6 1
17 16 17 19 8 1
20 20 18 22 11 1
18 19 19 19 8 1
15 13 15 18 8 1
18 17 15 18 9 1
14 12 14 16 7 2
17 19 20 19 8 15
17 18 18 18 8 1
18 19 18 19 9 1
15 15 17 18 8 2
18 21 20 18 8 1
19 22 20 19 9 1
16 15 13 15 8 1
17 19 19 19 9 3
13 12 14 15 7 2
16 18 20 21 10 1
15 18 20 18 8 1
14 15 17 17 8 1
13 12 13 15 8 4
15 16 15 15 8 1
14 14 14 16 9 1
17 19 16 17 10 1
13 13 14 16 9 1
15 17 18 20 11 2
11 9 12 17 10 1
14 15 14 15 9 1
12 10 10 15 10 1
9 9 14 16 9 1
9 7 9 12 8 1
13 15 14 15 10 1
29 26 19 24 9 1
10 12 15 14 8 1
10 8 7 12 10 2
13 15 13 15 11 3
10 12 13 12 8 1
12 15 14 13 9 1
15 19 14 15 12 1
11 15 14 12 9 1
12 17 17 17 12 1
10 13 15 18 13 1
20 19 17 19 8 5
14 12 17 16 4 1
19 19 17 16 7 1
20 22 20 18 8 1
17 16 17 19 9 6
13 12 17 16 6 1
17 15 13 15 8 13
18 19 19 19 9 2
20 21 17 17 9 3
14 12 14 15 7 1
17 19 20 18 8 1
17 19 19 17 8 1
15 13 13 15 8 1
17 19 20 19 9 1
17 16 14 16 9 6
18 21 20 18 9 1
15 17 20 19 9 1
12 10 13 15 8 1
13 12 14 15 8 1
14 13 14 16 9 1
17 19 17 16 9 2
13 12 13 15 9 1
13 15 17 15 8 1
13 12 10 10 7 1
14 16 17 16 9 2
13 14 16 18 11 1
15 17 17 19 12 1
13 15 17 18 11 2
14 16 17 19 12 1
12 14 15 14 9 1
10 8 7 10 9 1
14 16 14 16 12 1
13 17 16 14 10 1
8 6 10 15 11 1
11 10 11 18 14 1
8 7 12 17 12 1
10 10 10 12 10 1
7 10 17 16 10 1
20 18 20 21 7 1
14 22 21 19 14 1
9 13 12 10 10 1
20 19 17 18 8 1
19 17 16 19 9 8
17 15 17 19 8 12
20 23 22 18 8 1
17 18 20 18 8 10
17 15 14 15 8 7
19 21 21 19 9 2
19 20 19 18 9 1
20 22 20 18 9 1
18 19 21 22 11 1
17 19 21 19 9 14
14 12 14 15 8 2
17 18 17 15 8 1
18 19 17 16 9 1
14 12 14 16 9 1
16 14 12 14 9 1
17 16 14 16 10 1
15 14 15 17 10 1
16 17 19 20 11 1
17 18 17 18 11 1
12 12 17 17 9 1
14 15 17 18 11 2
12 10 14 19 12 1
15 17 19 20 12 1
17 21 20 18 11 1
15 13 13 20 14 1
14 15 17 19 12 10
12 14 16 14 9 2
12 10 9 12 10 1
11 12 14 13 9 1
14 18 17 15 11 1
14 15 12 15 13 1
12 14 14 15 12 1
6 7 14 13 9 1
9 12 17 17 12 1
22 20 19 19 7 1
22 21 22 22 8 1
8 12 17 15 11 1
21 22 19 12 3 1
20 19 19 19 8 1
20 18 17 18 8 4
22 21 17 17 8 1
21 19 17 19 9 1
20 20 20 19 8 2
22 23 20 18 8 1
24 25 22 24 12 1
20 19 17 17 8 1
22 24 22 20 9 1
21 21 19 19 9 1
17 15 15 13 5 1
21 22 18 15 7 1
21 22 20 19 9 1
17 15 17 18 8 15
21 23 21 19 9 1
20 19 17 19 10 1
18 19 22 21 9 1
17 15 17 19 9 1
18 18 17 15 8 1
17 16 17 17 9 1
18 17 15 14 8 1
19 19 17 16 9 3
17 15 14 15 9 1
20 22 20 18 10 1
12 10 17 17 8 1
15 13 12 10 6 1
18 17 14 15 10 1
14 12 15 17 10 1
12 9 12 14 9 1
16 17 16 14 9 1
15 14 15 17 11 1
18 21 20 18 11 1
13 12 13 12 8 1
15 14 13 15 11 1
13 12 13 15 11 2
16 18 16 15 11 2
15 14 12 15 12 1
16 15 13 18 14 1
13 15 17 15 10 1
12 10 9 10 9 1
14 15 17 19 13 1
15 18 17 15 11 5
16 20 19 17 12 1
16 19 17 16 12 6
11 12 14 12 9 1
12 13 15 15 11 1
14 15 14 15 12 5
15 19 17 15 12 12
10 10 12 12 10 1
23 21 20 18 6 1
9 12 17 15 11 1
12 14 12 12 12 1
20 18 17 15 6 1
21 22 24 21 8 1
21 19 17 16 7 2
22 22 21 19 8 1
20 19 20 19 8 1
22 22 20 18 8 1
21 19 18 19 9 1
20 18 17 17 8 2
19 16 17 19 9 2
20 20 20 18 8 1
20 19 19 19 9 2
20 18 17 18 9 1
21 19 17 19 10 1
10 15 15 15 15 1
18 16 18 19 9 1
3 5 12 12 12 1
20 19 17 16 8 1
21 22 21 19 9 1
17 16 20 19 8 1
17 15 17 17 8 1
19 17 15 17 10 1
17 16 17 16 8 1
18 19 21 19 9 1
19 21 22 19 9 1
19 19 17 15 8 2
16 14 16 17 10 1
19 19 17 16 10 1
17 18 20 18 10 1
17 15 14 15 10 2
20 22 20 18 11 1
13 12 17 15 8 1
17 16 14 13 9 1
17 16 17 19 12 1
20 22 20 19 12 3
17 15 13 15 11 2
14 12 14 15 10 1
15 14 15 15 10 1
17 18 17 15 10 1
16 18 20 18 11 1
17 19 20 19 12 2
17 16 14 16 12 2
15 14 14 15 11 1
15 14 15 17 12 1
12 11 14 13 9 1
14 13 14 15 11 1
15 15 15 15 11 1
17 19 17 16 12 3
10 9 14 13 9 1
14 12 11 14 12 1
10 9 13 12 9 1
12 14 16 12 9 1
13 15 17 15 11 8
13 14 16 16 12 1
14 16 17 16 12 3
13 15 17 16 12 1
12 12 14 15 12 1
9 9 11 9 9 1
24 22 20 19 8 3
21 19 21 19 7 1
26 26 21 19 9 1
23 22 20 18 8 1
23 21 20 21 10 1
22 20 18 17 8 2
22 20 19 19 9 1
21 19 19 19 9 1
19 18 22 21 9 1
20 19 20 18 8 1
19 16 17 17 8 1
21 20 19 17 8 1
20 18 20 21 10 1
22 21 19 18 9 1
20 19 20 19 9 1
21 21 21 19 9 3
21 20 19 18 9 2
20 16 14 16 9 1
18 17 20 18 8 1
17 12 13 15 8 1
22 22 20 19 10 1
18 17 20 19 9 1
19 18 19 18 9 1
20 18 17 18 10 1
19 17 15 14 8 11
20 19 17 16 9 2
21 22 21 19 10 1
14 12 20 19 8 1
17 16 20 19 9 1
16 15 19 18 9 1
18 17 15 13 8 13
18 20 21 17 10 2
18 18 17 15 10 1
18 18 18 17 11 1
17 18 20 18 11 2
17 15 14 15 11 1
18 17 15 15 11 1
20 22 20 18 12 1
17 15 14 16 12 3
20 22 20 19 13 5
12 10 17 18 11 1
16 14 14 16 12 1
17 17 16 16 12 1
11 9 14 13 9 1
14 12 14 16 12 1
17 19 17 15 12 2
16 17 19 21 15 1
9 9 16 13 9 1
13 15 17 15 12 1
14 15 15 17 15 1
26 24 22 21 9 1
23 19 19 19 8 1
24 22 21 19 8 1
24 22 22 21 9 1
22 18 18 18 8 3
24 22 20 18 8 3
23 21 20 18 8 2
21 16 17 19 9 1
24 22 20 19 9 3
25 24 22 21 10 1
21 19 21 19 8 1
24 23 21 19 9 3
23 24 24 19 8 1
21 19 20 19 9 1
22 20 19 18 9 1
19 17 20 19 9 2
22 20 17 16 9 1
22 21 20 19 10 1
17 15 20 18 8 1
20 18 17 15 8 3
21 19 17 16 9 1
19 17 19 19 10 1
22 22 20 18 10 3
22 21 17 16 10 1
20 18 17 18 11 2
21 19 17 19 12 1
19 17 15 14 9 1
17 16 20 19 10 1
20 21 20 18 11 1
21 22 20 19 12 1
19 17 16 19 13 1
22 23 17 15 11 1
19 19 17 15 10 1
17 15 17 19 12 1
18 18 17 15 11 7
19 19 17 16 12 3
18 16 15 18 14 1
17 18 20 18 12 2
17 15 14 15 12 3
20 22 20 18 13 13
12 9 13 12 9 1
15 15 17 15 11 1
16 15 16 18 14 1
16 18 19 16 12 1
14 12 14 16 13 1
14 15 17 15 12 2
13 14 16 14 12 1
24 22 21 19 9 2
25 21 18 20 11 1
22 16 14 16 9 1
21 19 21 19 9 4
25 24 20 19 11 1
12 15 13 12 15 1
19 17 21 19 9 1
22 20 18 17 10 2
19 17 19 17 9 1
21 18 17 18 11 1
22 20 19 20 12 1
19 18 19 15 8 1
24 21 14 16 12 1
19 17 16 14 9 6
20 19 17 15 10 1
20 20 20 18 11 8
20 20 20 19 12 10
21 22 21 19 12 1
24 27 25 24 15 1
21 22 20 19 13 1
19 17 16 19 14 1
17 15 17 19 13 1
18 16 15 16 12 1
18 18 17 15 12 1
16 17 19 16 12 1
17 16 17 19 15 1
15 15 17 15 12 1
17 17 15 14 13 1
15 14 12 14 15 1
25 23 22 18 8 1
10 9 10 12 15 1
19 12 14 15 8 1
17 15 22 18 8 1
22 20 19 17 10 1
23 22 20 18 11 1
25 24 22 24 15 1
22 21 20 18 11 1
23 22 20 19 12 3
21 20 20 18 11 1
22 20 19 20 13 1
19 17 16 12 8 1
20 19 20 18 11 1
21 19 17 16 11 1
22 22 21 19 12 1
24 26 23 19 12 1
20 19 20 19 12 1
21 21 21 19 12 4
21 20 19 18 12 1
18 17 20 18 11 6
21 23 24 20 12 1
20 18 16 15 11 1
22 21 19 21 15 1
20 19 17 16 12 2
17 16 20 19 12 1
19 17 15 15 12 1
18 17 18 17 12 1
20 21 20 18 13 1
17 15 17 18 13 1
17 16 17 16 12 2
18 17 16 15 12 1
15 13 12 10 11 1
27 22 20 18 8 1
19 12 17 17 8 1
23 19 18 16 9 1
24 22 20 18 11 1
23 21 20 18 11 1
24 22 20 19 12 1
22 20 20 18 11 1
21 20 21 17 10 1
23 23 22 18 11 1
20 18 20 18 11 1
21 17 16 17 12 1
19 17 20 19 12 5
22 21 19 17 12 1
20 18 17 15 11 1
20 19 20 19 13 2
22 21 19 19 14 1
20 19 17 15 12 2
20 20 20 18 13 1
16 14 16 12 9 1
21 22 21 19 14 13
20 21 20 18 14 1
18 20 21 16 12 1
19 19 17 15 13 1
17 15 14 15 15 1
20 22 20 19 17 2
29 28 27 27 15 1
25 22 20 18 11 1
24 22 21 17 10 1
25 23 21 18 11 1
24 21 17 15 11 1
20 17 19 16 10 1
24 22 20 19 13 2
21 19 21 19 12 2
19 17 21 19 12 12
24 26 27 24 15 1
19 17 16 14 12 1
20 18 17 18 15 1
17 15 17 15 12 1
17 16 17 14 12 1
17 15 14 12 12 1
17 15 17 18 15 1
18 17 15 14 15 1
18 17 17 19 18 1
18 21 20 18 18 1
13 12 10 9 15 1
22 15 17 18 11 1
24 20 20 18 11 1
19 12 17 17 10 1
22 18 20 18 11 1
23 21 20 18 13 1
25 24 22 21 15 1
16 12 17 16 12 2
20 18 17 15 13 1
18 16 19 18 14 1
17 16 20 19 15 2
17 15 13 12 15 1
19 19 17 16 17 1
14 13 16 14 15 1
13 12 15 13 15 1
26 22 21 19 12 1
23 22 20 18 15 1
18 17 20 18 15 1
18 17 15 13 15 1
22 12 17 17 9 2
25 24 25 19 12 1
25 22 21 19 14 1
25 22 20 19 15 1
22 20 19 12 10 1
19 17 19 12 10 1
19 17 21 16 12 1
19 17 19 17 15 1
17 16 20 19 17 1
23 16 17 16 12 1
19 17 15 14 17 1
23 20 22 15 11 1
23 22 22 12 10 1
22 20 19 17 17 1
8 15 14 18 8 1
0 5 4 12 10 1
10 12 10 18 8 1
13 12 10 15 3 1
3 10 10 15 11 1
10 15 14 18 8 2
4 12 17 17 8 1