:nominal
a,50,1,a
b,50,1,b
c,50,1,c
next-note,50,2,z

:data
2 1 1 1 1
3 3 4 3 6
4 7 9 5 1
3 2 2 2 4
2 2 6 5 2
4 4 4 3 1
4 3 3 3 2
4 4 5 4 4
5 5 5 4 15
5 6 7 5 7
4 4 6 5 1
5 4 4 4 4
6 7 7 5 1
5 5 6 5 10
7 8 7 5 1
6 6 6 5 32
6 5 5 5 17
6 6 7 6 1
5 5 8 7 1
7 6 5 5 1
5 1 1 4 1
8 7 5 5 3
6 4 5 6 1
7 5 5 6 11
8 6 5 6 1
7 5 7 8 1
2 5 6 2 1
3 4 3 2 2
2 2 2 2 2
2 3 4 3 1
2 1 1 2 2
3 4 4 3 2
2 2 3 3 1
1 1 4 4 2
5 7 4 2 1
4 5 3 2 1
3 3 3 3 4
4 7 8 5 2
2 2 4 4 1
5 7 5 3 1
4 5 4 3 1
3 3 4 4 1
2 2 5 5 6
5 5 2 2 1
5 8 8 5 1
3 2 2 3 2
4 5 5 4 8
3 3 5 5 1
5 7 7 5 1
3 1 1 3 2
4 4 4 4 6
5 5 4 4 1
5 6 6 5 4
4 4 5 5 16
5 5 5 5 366
6 6 5 5 9
5 4 4 5 9
5 5 6 6 2
8 9 6 5 1
7 7 5 5 5
5 3 3 5 1
6 6 6 6 1
8 8 5 5 3
5 2 2 5 1
6 5 5 6 2
6 6 7 7 1
6 3 3 6 2
9 8 5 6 2
8 8 8 8 1
7 4 4 7 1
8 8 9 9 1
8 5 5 8 2
9 5 5 9 1
0 3 3 0 1
1 4 4 1 1
2 5 5 2 1
1 1 1 1 3
1 3 5 3 1
4 7 5 2 1
4 8 8 5 1
2 2 2 3 4
5 9 8 5 1
3 3 3 4 1
5 8 7 5 1
2 2 5 6 4
5 7 6 5 1
4 5 5 5 9
3 3 5 6 1
5 5 3 4 1
6 8 6 5 1
5 6 5 5 4
4 4 4 5 14
6 7 5 5 11
4 4 5 6 2
7 8 5 5 3
5 5 5 6 16
5 6 7 7 1
8 9 5 5 2
6 6 5 6 10
5 4 4 6 2
5 5 6 7 1
7 7 5 6 1
5 3 3 6 1
8 8 5 6 2
5 2 2 6 1
6 3 3 7 1
7 5 5 8 2
1 4 4 2 1
2 3 3 3 1
1 1 3 5 1
5 8 5 4 1
4 6 5 5 3
2 1 1 4 1
5 8 6 5 1
4 5 3 4 1
3 3 3 5 1
5 7 5 5 8
4 5 4 5 1
3 3 4 6 1
2 2 5 7 1
5 6 4 5 1
3 2 2 5 8
3 3 5 7 1
5 6 5 6 5
4 4 4 6 6
4 5 6 7 1
4 4 5 7 1
5 5 5 7 5
6 6 5 7 1
8 8 5 7 1
7 5 5 9 1
9 7 5 9 1
1 3 3 3 1
2 5 6 5 1
4 8 7 5 1
2 2 2 5 5
5 8 5 5 6
4 6 5 6 1
3 4 4 6 1
6 8 5 6 1
3 2 2 6 2
5 6 5 7 1
4 4 4 7 1
6 7 5 7 1
4 4 5 8 1
7 8 5 7 1
5 5 5 8 10
8 9 5 7 1
6 6 5 8 13
9 10 5 7 1
5 4 5 9 1
8 8 5 8 1
0 1 1 3 1
1 4 4 4 2
3 6 3 3 1
2 4 2 3 1
1 2 2 4 1
2 5 5 5 4
3 6 5 5 1
1 1 1 4 3
4 7 5 5 4
4 5 1 3 1
2 2 2 6 1
5 8 5 6 2
3 5 6 8 1
2 2 4 8 1
5 7 5 7 1
6 8 5 7 1
7 9 5 7 1
5 6 5 8 2
7 8 5 8 2
5 5 5 9 6
6 6 5 9 5
7 7 5 9 1
1 5 3 3 1
0 3 4 5 1
3 7 5 5 3
4 8 5 5 1
1 1 1 5 1
5 9 5 5 2
8 10 5 8 1
2 6 5 6 2
2 5 5 7 1
2 4 4 7 1
5 9 5 6 1
6 8 5 9 1
2 6 5 7 1
4 8 5 7 1
3 5 4 8 1
5 9 5 9 1
5 9 5 10 1
8 5 8 5 1
10 7 8 5 1
7 4 4 2 1
8 8 10 5 1
7 2 2 2 1
8 5 5 3 1
8 6 8 5 1
8 3 3 3 1
8 5 7 5 2
10 8 8 5 1
3 3 4 0 1
2 2 6 2 1
5 4 4 1 1
5 3 3 1 1
5 1 1 1 1
5 5 9 5 5
7 7 8 4 1
8 9 10 5 1
7 7 9 5 1
8 8 9 5 1
7 6 8 5 2
6 4 7 5 1
8 7 8 5 1
8 5 5 4 3
9 8 8 5 1
9 7 7 5 1
8 6 8 6 1
9 6 6 5 1
9 5 5 5 3
7 3 7 7 1
2 2 4 1 1
1 1 5 2 1
2 2 5 2 1
2 2 6 3 2
3 3 6 3 1
5 5 5 2 1
5 4 4 2 3
4 4 7 4 1
4 4 8 5 2
5 2 2 2 1
5 5 8 5 7
6 4 4 3 1
7 7 8 5 5
7 5 5 4 5
8 8 8 5 1
7 6 7 5 1
6 4 6 5 2
7 4 4 4 2
8 7 7 5 1
8 5 5 5 10
1 1 4 2 1
5 6 5 2 1
4 4 5 3 1
4 5 7 4 1
3 3 7 5 3
5 5 5 3 3
4 4 6 4 1
5 4 4 3 1
6 8 9 5 1
4 4 7 5 4
7 7 5 3 1
5 5 7 5 8
6 5 5 4 2
6 6 7 5 3
8 9 8 5 1
7 7 7 5 4
6 5 6 5 1
6 3 3 4 1
7 5 5 5 19
8 6 5 5 1
7 4 4 5 2
8 5 5 6 1
9 6 5 6 1
8 4 4 6 1
9 7 7 7 1
9 5 5 7 1