:nominal
a,50,1,a
b,50,1,b
next-note,50,2,z

:data
14 13 0 1
10 17 9 1
5 12 9 1
0 8 10 3
15 16 3 1
10 14 6 1
7 14 10 1
6 13 10 1
10 12 5 1
11 14 6 1
7 13 10 1
4 8 8 1
7 14 11 1
3 8 9 1
14 16 6 1
12 13 5 1
15 20 9 1
10 12 6 3
9 11 6 1
11 15 8 13
10 14 8 9
10 15 9 1
8 13 10 16
5 8 8 1
6 11 10 1
3 8 10 4
16 14 3 1
13 11 3 2
13 12 4 1
10 12 7 4
11 14 8 9
10 14 9 1
8 11 8 1
6 11 11 4
3 6 9 1
14 11 3 1
16 17 7 1
14 14 6 1
13 15 8 23
10 11 7 3
11 13 8 3
12 15 9 9
10 12 8 1
11 14 9 1
9 11 8 28
11 15 10 1
10 14 10 4
9 13 10 1
9 14 11 4
8 13 12 1
5 8 10 2
9 16 14 1
6 11 12 1
7 14 14 1
18 19 8 1
15 15 7 1
13 12 6 2
15 16 8 1
11 9 5 1
13 14 8 25
13 15 9 19
14 18 11 1
10 11 8 20
10 12 9 28
11 14 10 1
9 11 9 1
6 6 7 1
8 10 9 2
8 11 10 1
10 15 12 4
4 6 10 1
4 8 12 1
6 13 15 1
16 14 6 3
18 18 8 1
13 11 6 1
15 15 8 9
13 12 7 3
14 14 8 14
13 13 8 18
14 15 9 4
13 14 9 1
11 11 8 3
13 15 10 2
8 6 6 1
10 11 9 2
11 13 10 4
9 10 9 1
10 12 10 3
9 11 10 2
5 6 9 1
6 8 10 1
17 15 7 1
16 15 8 25
15 14 8 2
14 13 8 2
15 15 9 15
16 17 10 3
13 12 8 2
13 13 9 13
11 10 8 13
13 14 10 1
14 16 11 3
12 13 10 4
9 8 8 2
12 14 11 1
10 11 10 5
11 13 11 1
9 11 11 9
8 11 12 1
7 10 12 1
9 14 14 2
15 8 3 1
17 15 8 4
18 17 9 4
16 14 8 31
14 11 7 1
15 13 8 2
16 15 9 16
15 14 9 7
16 16 10 1
17 18 11 1
18 20 12 1
13 11 8 12
15 15 10 1
13 12 9 13
14 14 10 1
15 16 11 1
11 9 8 13
13 13 10 1
10 8 8 1
11 10 9 2
13 14 11 11
10 9 9 11
11 11 10 1
13 15 12 16
9 8 9 2
12 14 12 1
10 11 11 4
11 13 12 2
12 15 13 1
8 8 10 1
10 12 12 16
11 14 13 1
8 11 13 1
20 17 8 1
21 20 10 1
18 15 8 2
17 14 8 1
18 16 9 1
17 15 9 37
18 17 10 1
16 14 9 3
15 13 9 1
16 15 10 5
14 12 9 1
15 14 10 1
14 13 10 3
16 17 12 1
12 10 9 9
13 12 10 5
15 16 12 2
10 8 9 2
11 11 11 3
12 13 12 1
13 15 13 3
11 12 12 1
7 5 9 1
10 11 12 15
12 15 14 1
10 12 13 1
11 14 14 1
10 14 15 2
18 14 8 3
17 13 8 1
18 15 9 1
15 11 8 1
17 15 10 3
16 14 10 8
17 16 11 1
15 13 10 1
16 15 11 1
12 8 8 1
12 9 9 1
13 11 10 5
14 13 11 1
13 12 11 1
15 16 13 1
12 11 11 3
13 13 12 2
12 12 12 2
13 14 13 1
11 11 12 1
8 6 10 1
12 14 14 1
8 8 12 2
20 15 8 1
18 15 10 1
17 14 10 1
15 12 10 1
16 14 11 35
16 15 12 31
12 8 9 2
15 14 12 1
18 20 15 1
13 11 11 28
14 13 12 1
13 12 12 25
12 11 12 1
15 17 15 2
13 14 14 1
13 15 15 1
8 6 11 1
11 13 15 1
8 10 15 1
6 8 15 1
9 14 18 1
18 14 10 1
17 13 10 4
17 14 11 1
17 15 12 22
16 14 12 3
15 13 12 2
16 15 13 11
13 11 12 22
15 15 14 1
12 10 12 2
10 8 12 1
11 10 13 1
13 14 15 2
10 11 15 1
25 20 10 1
23 20 12 1
19 14 10 2
23 23 15 1
18 14 11 1
15 12 12 3
16 14 13 16
13 10 12 1
15 14 14 1
13 11 13 2
11 11 15 1
25 19 10 1
19 12 9 1
19 14 11 1
20 16 12 1
19 15 12 1
21 20 15 1
17 15 14 15
18 17 15 1
16 14 14 1
16 15 15 3
11 10 15 1
13 15 18 1
9 8 15 2
6 5 15 2
21 14 10 1
15 8 10 2
17 12 12 2
16 14 15 2
15 13 15 1
12 10 15 1
11 9 15 2
21 15 12 1
23 20 15 1
18 11 11 2
16 15 17 3
13 12 17 1
11 10 17 1
15 13 17 1
18 8 10 2
16 14 18 1
18 12 15 1
6 11 3 1
6 14 8 1