:nominal
a,50,1,a
b,50,1,b
c,50,1,c
d,50,1,d
e,50,1,e
next-note,50,2,z

:data
12 10 9 10 12 12 1
5 10 12 14 15 7 1
16 14 13 16 14 12 1
7 6 7 14 13 6 1
13 15 13 12 10 8 1
5 8 6 10 15 8 1
5 10 10 10 12 7 1
3 7 12 14 15 9 1
15 13 12 15 13 12 1
17 19 17 15 14 14 1
10 15 15 17 15 8 1
7 9 12 17 15 8 1
14 16 12 17 16 9 2
7 10 15 15 15 12 1
17 22 20 19 17 14 1
12 17 16 20 19 12 2
2 9 9 14 16 6 1
6 10 9 14 13 6 1
0 5 4 12 17 7 1
10 13 12 10 9 12 1
10 18 17 15 13 12 1
5 12 9 13 12 6 1
10 17 16 20 19 14 1
28 29 26 19 24 6 1
23 13 18 18 18 5 2
20 18 23 22 23 5 1
23 22 22 12 17 7 1
19 17 24 20 19 5 1
22 19 21 14 16 6 1
21 14 19 19 19 6 1
19 17 19 12 17 7 1
22 20 19 12 17 7 1
24 20 19 17 18 5 1
21 14 16 17 19 6 1
15 13 12 10 15 0 1
20 19 17 19 20 0 1
19 17 16 14 21 6 1
20 18 20 18 18 3 1
22 20 19 17 19 5 3
21 20 21 17 19 6 1
24 22 20 19 19 4 1
24 22 21 22 22 5 1
25 23 21 20 18 3 1
22 20 20 18 22 8 1
24 22 21 17 17 5 1
26 24 22 20 19 5 1
24 20 20 20 19 5 1
24 22 24 22 20 6 1
27 25 24 22 21 7 1
17 15 17 18 20 3 1
31 29 28 27 27 12 1
21 18 19 19 19 5 1
20 18 22 20 18 5 1
22 20 22 20 18 5 1
24 21 19 17 16 4 1
25 26 26 21 19 6 1
26 24 22 21 19 5 1
25 23 22 20 18 5 1
23 21 23 21 19 6 1
26 24 22 20 19 6 1
26 24 23 21 19 6 1
21 14 15 14 15 6 1
27 25 24 20 19 8 1
20 18 17 20 18 0 1
18 17 18 17 15 0 1
15 14 19 17 19 5 1
29 24 22 20 19 9 1
20 19 17 15 19 5 13
20 18 17 15 18 5 4
22 21 22 20 19 6 1
21 20 21 17 17 6 1
19 17 22 20 19 7 1
25 24 22 20 18 5 3
24 22 20 19 19 6 1
20 17 19 16 17 7 1
22 17 18 20 18 5 1
25 24 22 20 19 6 1
22 20 22 20 18 6 1
21 17 19 17 16 6 1
26 24 22 21 19 6 2
27 25 23 22 18 5 1
19 19 17 16 17 2 1
12 10 15 14 18 5 1
14 12 19 19 19 5 1
21 20 18 20 21 4 1
19 18 22 21 19 5 1
21 19 17 16 19 6 8
20 18 17 15 18 6 1
22 20 19 19 19 5 1
22 20 18 17 18 5 1
17 15 17 13 18 8 1
20 19 22 20 19 6 1
22 24 25 22 24 9 1
22 20 19 17 17 5 1
23 21 20 19 18 6 1
23 20 16 14 16 6 1
27 27 22 20 18 5 1
24 23 24 24 19 5 1
24 22 20 17 16 6 1
22 20 22 20 18 7 1
10 10 12 10 18 5 1
23 19 19 17 16 7 1
19 12 17 17 17 9 1
11 10 15 14 18 5 1
25 24 27 25 24 12 1
13 12 15 14 18 5 1
17 17 16 14 16 3 2
19 20 19 17 19 5 1
18 17 15 14 18 5 1
17 15 17 19 20 5 1
19 19 19 17 16 3 1
19 17 16 17 19 5 1
17 16 20 19 18 5 1
14 10 15 14 15 5 1
19 17 19 20 19 5 13
21 21 19 17 19 6 1
19 18 19 18 19 6 1
22 22 22 21 19 5 1
19 17 19 19 19 6 1
24 23 19 19 19 5 1
22 20 19 20 19 5 1
21 17 15 17 18 5 1
22 22 22 20 18 5 1
22 21 19 18 19 6 1
22 20 18 17 17 5 2
23 23 21 20 21 7 1
22 20 19 19 19 6 1
24 24 22 20 19 6 1
22 21 22 21 19 6 1
20 18 21 20 18 6 1
24 24 23 21 19 6 1
24 22 20 19 20 9 1
13 12 13 14 16 2 1
23 22 23 17 15 8 1
25 23 22 20 19 9 2
24 20 20 20 19 9 2
25 21 21 21 19 9 1
15 17 19 17 19 5 1
17 18 17 15 18 5 1
14 12 15 17 19 5 1
17 17 16 14 16 4 1
14 12 11 9 16 6 1
17 15 15 17 19 5 1
16 14 16 17 19 6 2
19 17 15 17 19 5 11
20 20 18 17 18 5 3
19 19 19 17 16 4 1
18 17 18 18 18 5 1
13 10 14 13 18 8 1
22 24 22 20 19 5 1
20 22 23 20 18 5 1
21 20 18 17 15 3 1
19 17 16 17 19 6 4
19 17 19 20 18 5 1
20 20 19 17 19 7 1
22 22 20 18 17 5 1
21 20 18 17 18 6 1
19 17 19 19 17 5 1
19 17 19 20 19 6 1
21 21 19 17 19 7 1
22 21 19 19 19 6 1
20 19 20 19 18 6 1
22 21 20 19 17 5 1
17 16 21 20 21 9 1
19 17 19 17 16 6 1
23 22 20 19 18 6 1
24 25 21 18 20 8 1
22 22 22 20 19 7 1
24 25 24 22 24 12 1
25 23 21 20 18 8 1
24 22 20 19 20 10 1
13 15 17 15 18 5 2
25 23 23 22 18 8 1
24 22 21 19 21 12 1
26 24 22 20 19 10 1
21 14 16 17 16 9 1
15 13 12 13 15 3 1
26 24 26 27 24 12 1
16 17 19 19 19 5 1
14 14 16 14 16 5 1
19 21 22 19 12 0 1
16 14 13 14 16 4 1
17 15 13 15 18 5 1
15 14 16 17 19 6 1
16 18 19 14 15 5 1
17 17 19 20 19 5 1
19 21 21 19 19 6 1
16 14 16 17 17 5 1
19 21 22 18 15 4 1
17 16 18 20 21 7 1
18 20 21 17 17 6 2
22 24 22 22 21 6 1
19 17 15 17 19 6 1
19 20 23 22 18 5 1
22 23 21 20 18 5 1
22 21 19 21 19 5 1
21 20 18 20 21 7 1
19 17 19 21 19 6 12
22 21 19 20 19 6 1
20 17 16 17 16 5 1
19 18 19 17 16 6 1
21 19 18 19 18 6 1
22 21 19 17 16 6 1
22 22 22 20 18 7 2
22 22 21 17 16 7 1
21 19 19 17 16 7 1
23 21 18 17 18 8 1
17 15 19 14 15 9 1
7 8 15 14 18 5 1
23 21 23 24 20 9 1
13 15 16 15 18 5 1
16 20 19 17 19 5 1
12 14 17 16 19 6 1
14 13 12 14 16 3 1
22 20 22 20 18 10 1
13 15 17 15 17 5 1
12 13 15 14 18 6 1
12 12 17 19 19 5 1
15 17 18 17 18 5 1
24 20 19 17 15 9 1
13 15 17 13 18 8 1
16 14 12 14 16 4 1
14 15 17 14 15 5 1
20 24 22 20 19 5 1
16 18 21 20 18 5 1
18 17 15 15 13 2 1
19 21 22 24 21 5 1
19 21 19 17 16 4 1
14 12 15 17 17 5 1
16 16 15 13 15 5 1
18 17 15 17 18 5 5
20 22 20 18 17 5 1
17 15 13 13 15 5 1
16 15 16 15 15 5 1
21 22 18 18 18 5 3
18 17 18 20 18 5 6
15 14 18 17 15 5 1
17 15 17 20 19 6 1
16 15 17 18 20 8 2
15 14 15 14 19 9 1
19 17 15 17 17 5 1
20 21 21 21 19 6 1
20 21 20 19 18 6 1
19 19 17 15 17 7 1
19 18 19 21 19 6 1
19 19 19 17 15 5 2
19 19 19 17 16 6 3
22 21 19 21 19 6 2
14 10 15 14 15 8 1
22 22 20 18 17 7 2
21 20 18 17 18 8 1
18 17 21 20 18 8 1
21 20 19 17 16 7 1
19 18 21 20 18 8 1
10 12 14 15 18 3 1
24 23 19 18 16 6 1
21 20 21 20 18 8 1
13 15 17 18 15 0 1
22 20 20 20 18 8 1
23 21 20 20 18 8 1
19 14 15 17 19 10 1
23 21 19 17 16 8 1
23 24 26 23 19 9 1
25 24 22 21 17 7 1
23 22 21 19 19 11 1
12 13 15 13 15 5 1
12 14 19 19 19 6 1
25 23 21 20 18 10 1
12 11 14 17 19 6 1
15 15 15 17 18 5 1
14 16 17 14 15 5 1
12 13 15 13 18 8 1
19 21 19 21 19 4 1
16 17 16 17 19 6 1
15 13 12 14 15 4 2
16 18 19 19 19 6 1
18 19 16 17 19 6 1
15 14 15 17 17 5 1
20 23 21 20 18 5 1
20 21 16 17 19 6 1
13 13 18 18 18 7 1
19 20 19 20 18 5 1
20 24 23 21 19 6 1
19 22 21 19 18 6 1
17 18 19 21 22 8 1
19 20 19 20 19 6 1
19 21 21 21 19 6 1
17 17 19 21 19 6 1
21 22 16 14 16 6 1
18 18 18 17 15 5 1
17 17 16 14 16 7 1
19 20 19 17 16 6 1
18 17 15 14 15 6 1
19 21 22 21 19 7 1
17 15 14 15 17 7 1
18 20 22 20 18 7 1
17 16 17 19 20 8 1
20 22 22 20 18 7 2
22 19 12 14 15 5 1
21 19 17 21 19 6 1
17 15 17 19 20 9 1
21 19 17 19 17 6 1
19 17 16 17 19 9 1
19 20 22 20 19 9 3
22 22 20 19 17 7 1
22 23 22 20 18 8 1
19 15 14 15 15 7 1
20 19 17 16 19 10 1
20 18 20 21 17 7 1
21 20 20 20 18 8 2
19 17 19 20 19 9 1
19 17 16 14 16 9 1
22 20 19 20 18 8 1
22 22 22 21 19 9 1
23 21 20 21 17 7 1
22 20 19 20 19 9 1
22 21 21 21 19 9 1
22 21 20 19 18 9 1
21 18 17 15 13 7 1
21 19 17 16 19 11 1
16 14 22 21 19 11 1
13 17 16 14 19 6 1
22 20 19 17 16 9 1
24 20 17 19 16 7 1
22 20 21 20 18 11 1
10 10 12 12 17 7 1
14 17 19 19 19 6 1
12 14 16 14 16 6 7
15 17 15 13 15 5 1
15 14 12 14 15 4 1
16 18 19 22 21 6 1
17 19 16 17 19 6 1
13 12 10 8 12 5 1
12 10 12 14 15 5 1
23 17 15 17 18 12 1
14 14 14 14 16 6 1
18 19 18 22 21 6 1
25 23 22 20 18 12 1
14 13 13 14 16 6 1
15 13 12 14 15 5 1
17 19 21 22 19 6 1
17 18 17 15 14 5 1
16 14 12 14 16 6 1
18 20 18 17 18 7 1
16 16 14 12 14 6 1
15 13 12 10 10 4 1
15 13 15 17 18 8 1
14 12 15 14 13 6 1
19 20 20 20 18 7 1
19 20 18 17 18 8 1
16 15 13 13 20 11 1
17 16 17 16 14 6 1
18 20 22 20 18 8 1
18 17 15 13 15 8 1
19 19 19 17 15 7 1
17 15 14 12 15 9 1
22 24 22 20 18 8 1
20 20 19 17 15 7 1
18 16 18 20 18 8 1
22 22 20 20 18 8 1
23 25 23 21 18 8 1
19 17 15 14 16 9 1
17 15 18 17 15 8 5
19 20 22 20 19 10 5
17 16 20 19 17 9 1
17 16 19 17 16 9 6
22 20 18 20 18 8 1
21 19 17 16 14 7 1
22 21 17 16 17 9 1
20 18 16 15 16 9 1
17 15 19 17 15 9 12
20 17 18 20 18 9 2
20 18 16 15 18 11 1
19 17 19 17 15 9 2
22 20 19 20 19 10 2
10 13 18 18 18 5 1
15 17 15 17 19 5 1
11 9 8 11 18 8 1
15 17 18 20 18 5 3
16 18 16 18 19 6 1
12 11 12 14 16 6 2
12 10 9 12 17 7 1
11 12 14 12 15 7 1
12 14 15 14 19 9 1
17 19 16 17 17 5 1
15 14 12 14 15 5 1
15 17 18 17 15 5 1
11 9 11 14 19 9 1
17 18 17 20 19 6 1
17 19 17 15 14 5 11
18 22 21 20 19 7 1
18 17 15 20 18 5 1
18 20 18 17 15 5 3
12 11 15 14 12 5 1
15 17 18 17 18 8 1
14 13 14 16 18 8 1
17 18 17 15 13 5 13
13 13 15 13 15 8 1
17 16 14 16 17 7 1
14 12 14 15 14 6 1
15 14 15 17 18 8 1
11 10 14 13 18 11 1
17 17 15 14 15 7 1
15 14 15 17 19 9 4
10 10 17 14 18 12 1
16 15 14 13 15 8 1
18 17 15 17 19 9 1
13 10 13 15 18 10 1
19 20 20 20 18 8 1
20 23 22 20 19 9 1
17 17 19 20 19 9 1
17 17 16 14 16 9 1
19 20 20 20 19 9 1
19 21 22 21 19 9 1
17 15 14 15 17 9 1
18 20 22 20 18 9 1
15 14 15 12 15 10 1
20 19 17 16 12 5 1
19 21 22 20 19 10 1
12 13 12 17 15 0 1
20 18 17 20 18 8 6
19 17 15 17 19 10 1
22 24 21 17 15 8 1
19 19 19 17 16 9 2
9 14 19 19 19 5 1
21 22 21 19 17 9 1
19 20 22 20 18 10 1
22 21 19 21 19 9 2
21 20 18 17 15 8 1
20 18 17 18 17 9 1
20 19 17 15 15 9 1
8 11 16 14 16 6 1
15 20 20 20 19 5 1
13 15 15 17 18 5 1
10 10 12 13 15 5 1
15 17 15 17 18 5 7
12 10 10 15 17 5 1
11 12 14 14 16 6 1
12 10 9 12 15 5 1
14 17 16 14 16 6 5
16 20 19 17 16 6 1
13 14 16 17 16 6 1
17 19 17 20 19 6 2
11 9 11 13 14 6 1
9 8 11 9 12 7 1
13 15 17 17 19 9 1
17 19 17 19 19 7 1
12 10 8 7 12 7 1
12 13 15 13 15 8 1
12 10 12 13 12 5 1
14 14 15 17 18 8 1
14 12 10 14 19 9 1
17 19 17 15 14 6 1
14 14 15 17 19 9 1
15 13 12 13 12 5 1
16 17 16 14 13 6 1
12 11 15 14 12 6 1
14 12 14 16 14 6 1
18 19 17 16 14 6 1
13 11 10 11 18 11 1
18 20 20 20 18 8 3
15 13 12 13 15 8 2
15 16 18 16 15 8 2
15 13 15 17 15 7 1
11 9 16 17 16 9 1
19 20 18 17 15 7 1
16 14 13 14 15 8 1
17 16 14 14 16 9 1
16 17 19 17 16 9 2
15 14 15 14 15 9 2
17 17 17 16 16 9 1
18 18 18 17 15 8 6
18 20 22 20 18 10 11
12 14 12 17 16 1 1
20 19 17 20 19 9 5
19 17 16 20 19 9 1
17 16 17 19 21 12 1
8 13 18 18 18 5 2
21 19 17 21 19 9 12
19 17 16 17 16 9 1
19 18 17 16 15 9 1
18 16 15 16 18 11 1
9 13 12 10 17 7 1
5 4 12 17 17 5 1
12 14 12 14 16 4 1
19 17 16 17 19 12 1
21 19 17 16 14 9 1
7 10 17 16 17 7 1
13 17 15 13 15 5 12
8 7 12 17 17 5 1
12 15 18 20 18 5 1
24 25 22 20 19 12 1
15 20 20 20 18 5 1
12 13 12 13 15 5 4
13 17 16 14 16 6 1
10 10 10 12 17 7 1
14 17 15 14 15 5 6
14 19 21 21 19 6 1
13 12 10 13 15 5 1
14 17 19 21 19 6 1
15 17 15 14 15 7 1
12 10 8 7 10 6 1
12 14 16 14 16 9 1
15 17 15 13 15 8 1
13 12 10 9 12 7 1
18 17 15 22 18 5 1
17 19 17 16 14 6 5
16 18 20 21 17 7 1
15 15 14 14 15 8 1
15 17 19 17 16 9 1
18 20 18 16 15 8 1
21 22 18 20 18 8 1
17 17 15 14 15 9 2
18 17 15 17 18 10 1
18 20 21 20 18 10 1
14 12 14 12 12 9 1
19 20 19 17 15 9 1
18 18 18 17 15 9 1
19 21 22 21 19 11 13
9 14 16 17 19 6 1
19 19 19 17 15 10 1
12 17 16 17 19 6 1
10 12 12 13 15 5 1
5 4 12 17 17 6 1
21 20 18 17 15 10 1
14 17 16 20 19 5 1
20 17 15 14 12 9 1
10 10 12 17 17 5 1
8 7 5 4 12 7 1
15 18 17 20 18 5 1
10 8 7 12 17 7 1
10 9 12 17 17 6 1
12 13 12 13 15 6 1
12 13 15 17 15 5 1
12 14 16 17 16 6 1
11 13 15 14 15 7 1
12 13 15 17 18 8 1
12 14 16 17 19 9 1
11 13 15 13 15 8 1
15 17 15 14 15 8 1
15 17 18 20 18 8 2
15 17 15 14 16 9 2
14 12 11 14 13 6 1
22 22 12 17 17 6 1
20 22 15 17 18 8 1
13 12 13 15 15 8 1
14 14 12 11 14 9 1
20 19 12 17 17 7 1
6 14 19 19 19 5 1
17 20 19 17 16 9 1
14 13 14 16 16 9 1
14 12 12 14 15 9 1
15 14 15 15 17 12 1
17 17 17 15 14 10 1
12 17 15 17 18 5 1
19 17 15 17 15 9 1
19 17 16 17 14 9 1
17 15 14 12 14 12 1
6 5 10 15 15 5 1
14 21 21 21 19 6 1
10 12 10 10 15 7 1
19 20 22 20 19 14 1
10 9 7 9 12 5 1
13 12 10 17 17 5 1
16 21 19 21 19 6 1
13 15 13 12 10 3 1
24 23 22 22 12 7 1
14 16 15 19 18 6 1
20 18 17 15 14 12 1
13 15 14 15 17 8 1
12 14 15 17 19 9 5
12 11 12 14 13 6 1
20 18 21 20 18 15 1
8 7 10 8 12 9 1
15 17 15 14 15 9 1
13 14 16 17 16 9 1
10 9 13 12 10 7 1
5 13 18 18 18 5 2
16 17 16 17 16 9 1
17 16 14 16 12 6 1
15 16 18 19 16 9 1
15 14 15 17 15 9 1
17 18 20 21 16 9 1
18 20 18 17 18 12 1
1 3 10 10 15 8 1
19 18 16 19 18 11 1
18 17 15 14 15 12 1
13 17 12 13 15 5 1
7 12 17 17 19 9 1
20 18 17 20 18 12 1
7 11 16 14 16 9 1
12 14 12 15 17 7 1
17 19 12 17 17 5 1
11 12 14 16 14 6 1
20 19 19 17 16 14 1
10 8 7 12 17 9 1
15 20 20 20 18 8 1
12 16 15 13 18 11 1
15 20 20 20 19 9 7
12 12 10 9 10 6 1
14 18 17 15 15 8 1
12 11 12 14 12 6 1
16 21 21 21 19 9 2
12 14 15 14 15 9 3
11 12 14 14 15 9 1
11 9 12 17 17 9 1
20 25 24 25 19 9 1
5 10 12 13 15 5 2
9 13 12 17 16 3 1
7 14 15 14 15 5 1
4 5 7 12 17 7 1
9 14 13 14 16 6 1
8 11 9 12 17 7 1
5 7 12 17 17 6 1
22 23 20 22 15 8 1
20 19 17 19 12 7 1
17 20 22 20 19 14 1
12 14 12 20 19 5 1
7 5 4 12 17 7 1
10 12 12 17 17 6 1
5 4 5 7 12 7 1
20 19 17 19 17 12 1
11 12 9 12 14 6 1
12 13 12 17 15 5 1
14 19 18 19 15 5 1
12 14 12 14 15 7 1
13 18 18 18 17 8 1
7 5 9 14 16 9 1
13 12 10 17 18 8 1
19 26 22 21 19 9 1
12 13 15 17 15 8 8
12 14 16 17 16 9 1
10 8 12 17 15 8 1
12 13 15 17 16 9 1
19 22 20 19 12 7 1
19 19 17 21 16 9 1
9 14 12 14 15 5 1
10 17 16 17 17 6 1
7 10 12 15 14 5 1
13 12 15 13 12 12 1
17 18 17 17 19 15 1
7 10 8 7 12 7 1
18 17 15 13 12 12 1
8 7 10 17 16 7 1
12 11 9 14 13 6 1
12 14 12 14 16 9 1
11 12 14 16 12 6 1
15 20 20 20 18 10 1
12 13 15 17 15 9 1
14 16 17 19 16 9 1
10 15 15 15 15 8 1
9 10 10 12 12 7 1
11 9 9 16 13 6 1
10 9 9 11 9 6 1
12 14 12 14 16 10 1
12 14 15 17 15 9 1
13 15 15 17 15 9 1