:nominal
a,50,1,a
next-note,50,2,z

:data
6 5 1
8 7 4
9 8 4
10 9 16
11 10 12
12 11 1
13 12 3
8 8 65
9 9 46
10 10 36
11 11 58
12 12 79
13 13 1
7 8 13
8 9 4
9 10 10
10 11 2
11 12 5
12 13 15
13 14 1
14 15 3
6 8 14
7 9 15
8 10 17
9 11 1
10 12 9
11 13 18
12 14 17
3 6 1
5 8 6
6 9 18
7 10 2
8 11 59
9 12 52
11 14 11
12 15 4
3 7 1
5 9 8
6 10 3
8 12 43
9 13 1
11 15 6
5 10 18
7 12 4
8 13 3
10 15 3
12 17 3
3 9 3
4 10 2
7 13 1
9 15 1
12 18 1
2 9 1
3 10 2
5 12 7
8 15 2
10 17 1
11 18 2
3 11 1
7 15 3
9 17 1
6 15 2
8 17 1
5 15 5
7 17 1
2 15 3
15 3 1
16 4 1
10 0 1
13 3 2
20 10 2
11 3 2
16 8 1
17 9 2
13 6 1
14 7 1
15 8 1
17 10 3
14 8 1
15 9 3
17 11 1
8 3 4
9 4 1
10 5 1
11 6 6
12 7 2
13 8 4
14 9 6
15 10 1
16 11 1
17 12 2
20 15 2
9 5 1
11 7 1
12 8 83
13 9 3
14 10 7
15 11 2
9 6 5
10 7 1
11 8 98
12 9 109
13 10 1
5 3 1
8 6 2
9 7 7
10 8 27
11 9 14
12 10 15
13 11 5
14 12 1
17 15 3