:nominal
a,50,1,a
b,50,1,b
c,50,1,c
next-note,50,2,z

:data
18 16 14 15 1
8 13 12 6 1
11 16 14 8 1
8 10 11 8 6
6 8 13 10 1
9 11 11 8 1
8 10 12 9 3
9 8 6 6 1
11 15 14 9 1
8 9 11 9 1
6 6 11 10 1
11 13 11 8 1
8 6 6 7 1
12 16 15 10 1
10 12 13 10 1
10 12 14 11 1
11 10 8 8 1
11 13 14 11 5
10 11 13 11 1
11 10 9 9 1
11 13 15 12 11
13 12 8 8 1
10 9 11 11 1
14 16 14 11 5
11 10 11 11 2
11 10 12 12 3
12 13 15 13 1
10 8 11 12 1
15 17 15 12 2
13 13 13 12 1
12 11 12 12 1
10 9 14 14 1
14 13 11 11 14
13 12 12 12 1
15 16 15 13 2
13 11 11 12 1
11 8 11 13 1
12 11 14 14 1
16 15 12 12 1
15 13 11 12 16
16 16 14 13 1
17 16 14 14 1
18 16 15 17 2
6 11 13 8 1
5 8 11 8 1
8 13 13 8 5
6 9 11 8 1
4 7 14 11 1
5 8 13 10 2
8 11 13 10 1
7 10 15 12 1
6 6 11 11 1
10 11 10 9 1
10 11 11 10 1
7 5 8 10 1
13 15 12 10 1
11 10 8 9 1
13 16 14 11 6
10 10 11 11 1
10 11 13 12 1
13 16 15 12 5
11 11 11 11 1
10 10 12 12 1
11 13 15 13 2
14 16 14 12 2
13 14 13 12 1
11 10 11 12 8
13 12 11 12 1
13 15 17 15 1
14 13 11 12 1
11 10 14 15 1
15 13 11 13 1
14 13 14 15 1
8 16 15 8 1
4 9 14 10 1
1 0 8 10 2
11 18 14 8 1
8 13 13 9 9
8 11 10 8 1
7 9 10 9 1
6 10 15 12 1
8 9 8 8 2
4 3 8 10 2
8 10 11 10 1
10 12 10 9 2
9 10 9 9 1
6 5 8 10 1
10 12 11 10 1
8 9 11 11 2
11 13 11 10 1
9 10 11 11 1
9 11 13 12 1
6 7 14 14 1
12 16 15 12 2
9 11 14 13 1
13 17 15 12 12
8 7 10 12 1
10 10 11 12 1
11 13 14 13 1
12 13 12 12 7
11 12 14 14 1
14 15 12 12 1
13 12 10 12 1
12 13 15 15 1
16 15 8 10 1
16 17 12 12 1
14 13 11 13 1
13 11 10 13 1
6 13 13 8 1
3 8 13 10 3
5 10 12 9 1
3 5 8 8 1
6 11 11 8 1
8 13 11 8 1
5 8 10 9 1
8 13 13 10 1
4 3 6 9 1
8 10 9 9 1
6 5 6 9 1
6 6 8 10 1
9 11 11 11 1
8 10 12 12 2
11 13 11 11 9
10 12 12 12 1
6 4 8 12 1
11 13 12 12 1
12 16 15 13 1
13 15 12 12 1
10 8 8 12 1
16 18 11 11 1
11 11 13 15 1
18 18 8 10 1
7 13 13 10 1
7 10 9 9 1
8 10 8 9 1
10 12 8 9 2
8 10 11 12 5
8 10 12 13 1
9 8 6 10 1
11 13 11 12 5
12 13 10 12 1
12 15 14 14 1
11 10 8 12 1
11 13 14 15 1
11 10 11 15 1
10 8 10 15 1
13 11 10 15 1
13 13 15 18 1
16 15 13 17 1
15 13 12 17 1
17 16 14 18 1
1 3 8 10 1
2 6 11 11 1
6 13 14 11 1
3 8 13 12 1
6 8 8 10 1
8 13 13 12 1
4 6 13 15 1
10 12 10 12 1
13 15 8 10 1
13 17 12 12 1
9 8 6 11 1
12 16 15 15 2
13 16 14 15 1
13 15 13 15 1
11 11 11 15 1
13 11 9 15 1
5 10 9 9 2
6 13 12 10 1
5 9 8 9 2
4 9 11 11 1
5 10 12 12 3
8 13 11 11 2
8 13 12 12 2
11 9 8 15 2
13 11 10 17 1
0 8 13 10 3
5 7 5 9 1
12 16 15 17 1
3 10 9 9 1
5 12 9 9 1
5 6 8 15 1
9 12 10 15 1
8 6 5 15 1
8 11 9 15 1
1 8 8 12 1
22 15 20 9 1
1 6 5 15 1
15 14 13 0 1
18 8 13 10 2
19 18 19 8 1
20 16 15 8 1
22 17 15 9 1
21 18 20 12 1
13 15 16 3 1
17 13 15 9 1
19 16 15 8 1
20 18 17 9 1
15 8 13 10 2
19 15 15 9 1
17 10 12 9 1
20 13 14 11 1
8 6 11 3 1
12 10 17 9 1
16 14 14 6 1
18 16 14 6 1
18 16 15 8 3
17 13 13 8 1
16 14 18 11 1
19 16 14 8 1
20 18 16 9 1
20 17 15 9 1
20 18 17 10 1
24 23 23 15 1
14 13 11 3 1
13 14 16 6 1
11 10 14 6 1
13 12 13 5 1
13 11 15 8 13
17 16 14 6 2
16 15 15 7 1
17 18 18 8 1
15 13 15 8 8
18 16 15 9 5
18 14 11 7 1
17 13 13 9 3
19 17 15 9 4
17 14 16 11 1
20 17 15 10 1
20 16 15 11 1
13 16 14 3 1
8 6 14 8 1
14 16 17 7 1
12 10 12 6 2
15 13 12 6 1
13 11 14 8 7
12 10 15 9 1
18 15 8 3 1
15 13 14 8 1
15 13 15 9 1
18 17 15 8 3
18 18 17 9 1
18 16 14 8 9
17 15 15 9 1
15 10 11 8 1
17 16 17 10 1
18 16 15 10 3
18 13 12 10 1
17 10 12 12 1
20 18 20 15 1
23 21 20 15 1
13 14 11 3 1
10 11 14 6 1
11 10 14 8 7
12 10 12 7 1
12 11 14 8 1
15 15 15 8 7
14 13 14 8 5
13 11 13 8 1
13 12 15 9 9
18 20 17 8 1
15 13 12 7 3
16 16 15 8 2
13 11 14 9 1
16 15 14 8 1
15 13 13 8 1
15 14 15 9 2
17 16 14 8 3
16 14 13 8 2
16 15 15 9 1
17 16 15 9 1
15 13 15 10 2
18 17 15 9 3
17 15 14 9 1
13 9 14 11 2
20 20 15 8 1
19 18 14 8 2
18 16 14 9 1
17 13 12 10 1
19 13 11 11 1
22 19 15 12 1
9 10 12 5 1
13 15 16 8 1
12 13 15 8 1
15 17 15 7 1
14 13 11 6 1
11 10 14 9 1
15 16 15 8 16
14 14 14 8 12
12 10 12 8 1
14 13 13 8 3
16 16 14 8 1
15 15 15 9 11
13 10 11 8 2
14 13 14 9 1
16 15 13 8 1
15 13 12 8 1
17 17 15 9 5
16 15 14 9 4
17 16 14 9 1
16 13 12 9 1
17 16 15 10 1
15 12 13 10 1
18 17 15 10 1
17 15 14 10 1
18 16 14 10 5
17 16 17 12 1
18 16 15 12 8
19 17 14 11 1
11 13 15 8 14
7 5 12 9 1
13 15 15 8 2
12 13 15 9 15
8 6 13 10 1
15 17 15 8 1
15 18 17 9 1
11 9 11 8 15
15 16 14 8 3
14 16 17 10 2
15 15 13 8 1
15 16 15 9 3
12 10 12 9 17
15 17 18 11 1
11 9 14 11 1
17 18 15 9 1
15 13 11 8 3
14 13 14 10 2
13 11 13 10 1
15 13 12 9 9
16 14 13 10 2
16 15 16 12 1
15 13 15 12 1
18 16 14 11 4
18 16 15 13 8
17 15 17 15 1
22 23 20 15 1
20 18 17 15 1
8 10 12 6 1
8 9 11 6 1
9 10 12 7 1
9 11 14 8 1
11 11 9 5 1
11 13 14 8 18
11 13 15 9 1
14 18 17 9 1
12 13 13 8 3
12 14 15 9 1
14 16 14 8 11
11 10 11 8 9
12 11 11 8 1
15 17 15 9 19
14 15 14 9 1
10 9 14 11 1
14 13 11 8 6
13 11 10 8 12
13 14 16 11 2
14 14 14 10 1
13 12 13 10 1
12 10 12 10 1
11 10 15 12 2
15 14 12 9 1
14 13 14 11 4
16 15 13 10 1
15 13 12 10 1
18 17 13 10 1
17 16 14 11 6
13 7 8 10 1
16 15 16 13 1
18 17 15 12 3
19 18 14 11 1
17 13 11 11 1
18 16 14 12 1
15 10 11 12 1
21 18 11 11 1
8 13 11 3 1
8 13 12 4 1
8 10 12 7 2
12 16 15 8 1
10 13 15 9 1
11 13 13 8 4
9 9 11 8 1
13 16 14 8 1
8 8 13 10 1
12 13 12 8 1
13 16 15 9 4
10 10 12 9 2
12 13 13 9 1
13 15 15 10 1
11 10 11 9 2
10 8 10 9 1
13 15 16 11 1
10 8 11 10 1
13 11 9 8 13
13 11 10 9 1
13 13 15 12 2
15 13 11 10 2
16 16 14 11 12
13 12 15 13 1
15 13 12 11 1
16 16 15 12 12
17 17 15 12 4
16 15 14 12 1
19 20 16 12 1
17 15 13 12 1
18 16 14 13 13
17 15 15 14 1
18 16 15 15 1
8 10 11 7 3
8 9 11 8 11
6 4 8 8 1
12 16 15 9 1
9 10 12 9 2
13 17 15 9 1
11 13 14 10 1
10 11 13 10 1
13 15 13 9 1
12 13 12 9 2
14 15 11 8 1
11 10 11 10 3
13 12 10 9 7
12 10 9 9 1
13 15 16 12 1
12 13 15 12 2
9 9 16 14 1
11 9 11 11 5
16 17 13 10 3
15 16 14 11 1
14 14 13 11 1
15 16 15 12 4
13 11 11 11 1
13 12 13 12 1
12 10 12 12 4
14 12 11 11 3
11 9 14 14 1
13 12 15 14 1
16 15 13 12 1
15 13 12 12 15
17 16 14 13 2
13 10 14 15 1
20 21 15 12 1
18 17 15 14 15