:nominal
a,50,1,a
b,50,1,b
next-note,50,2,z

:data
3 3 1 1
5 9 5 4
1 1 1 4
4 8 5 2
3 7 5 3
1 4 4 2
2 6 5 3
4 4 1 2
5 6 2 1
4 5 3 1
5 7 4 1
3 4 3 8
4 6 4 1
5 8 5 10
2 2 2 8
4 7 5 5
1 1 2 2
2 3 3 1
3 6 5 2
2 4 4 1
2 5 5 12
6 6 2 1
5 5 2 2
4 4 2 6
5 6 3 1
3 3 3 9
4 5 4 4
5 7 5 10
3 4 4 1
4 6 5 3
2 2 3 6
1 1 3 3
3 7 7 1
2 5 6 4
1 4 6 1
6 5 2 1
5 4 2 1
7 8 4 1
8 10 5 1
4 3 2 2
5 5 3 4
7 9 5 2
4 4 3 5
6 8 5 3
3 3 4 2
4 5 5 18
3 4 5 1
4 6 6 1
5 8 7 1
3 5 6 1
1 1 4 5
2 3 5 1
2 5 7 1
7 5 2 1
9 10 5 1
5 3 2 2
6 5 3 1
8 9 5 3
5 4 3 1
7 8 5 9
5 5 4 33
6 7 5 12
4 4 4 14
5 6 5 14
6 8 6 1
3 3 5 3
4 5 6 3
3 4 6 1
2 2 5 15
3 5 7 1
1 1 5 1
7 4 2 1
7 5 3 2
5 2 2 1
8 8 5 6
5 3 3 1
7 7 5 8
4 2 3 1
5 4 4 1
6 6 5 39
5 5 5 433
6 7 6 1
4 4 5 25
5 6 6 2
3 3 6 3
4 5 7 1
5 7 8 1
2 2 6 4
2 4 8 1
9 8 5 2
6 3 3 2
8 7 5 3
7 6 5 1
5 3 4 2
6 5 5 24
5 4 5 1
6 6 6 1
5 5 6 33
6 7 7 2
4 4 6 10
5 6 7 2
3 3 7 1
8 5 4 1
9 7 5 1
8 6 5 1
5 1 3 1
7 5 5 42
6 4 5 1
6 5 6 20
7 7 7 1
5 5 7 7
4 4 7 3
5 6 8 1
4 5 9 1
9 6 5 1
8 5 5 18
7 5 6 1
8 8 8 1
6 5 7 3
8 9 9 1
5 5 8 14
9 5 5 6
8 5 6 7
7 5 7 3
6 5 8 16
5 4 8 1
5 5 9 8
8 5 7 4
6 5 9 5
9 5 7 2
8 5 8 3
7 5 9 2
10 5 7 1
8 5 9 1
10 5 8 1
9 5 9 2
9 5 10 1
2 6 2 1
0 3 1 1
3 4 0 1
2 4 1 1
1 3 1 1
2 5 2 1
1 4 2 2
2 6 3 2
3 6 3 1
1 5 4 1
3 3 0 1