:nominal
a,50,1,a
next-note,50,2,z

:data
8 7 1
10 9 4
11 10 4
12 11 16
13 12 12
14 13 1
15 14 3
10 10 65
11 11 46
12 12 36
13 13 58
14 14 79
15 15 1
9 10 14
10 11 4
11 12 10
12 13 2
13 14 5
14 15 15
15 16 1
16 17 3
8 10 14
9 11 15
10 12 17
11 13 1
12 14 9
13 15 18
14 16 17
5 8 1
7 10 6
8 11 18
9 12 2
10 13 59
11 14 52
13 16 11
14 17 4
5 9 1
7 11 8
8 12 3
10 14 43
11 15 1
13 17 6
7 12 18
9 14 4
10 15 3
12 17 3
14 19 3
5 11 3
6 12 2
9 15 1
11 17 1
14 20 1
4 11 1
5 12 2
7 14 7
10 17 2
12 19 1
13 20 2
5 13 1
9 17 2
11 19 1
8 17 2
10 19 1
34 11 1
7 17 5
9 19 1
14 24 1
4 17 3
0 17 1
12 0 2
17 5 1
18 6 1
11 0 2
10 0 1
12 2 1
15 5 2
22 12 2
24 14 2
13 5 2
18 10 1
19 11 2
15 8 1
16 9 1
17 10 1
19 12 3
24 17 3
16 10 1
17 11 3
19 13 1
10 5 4
11 6 1
12 7 1
13 8 6
14 9 2
15 10 4
16 11 6
17 12 1
18 13 1
19 14 2
22 17 2
11 7 1
13 9 1
14 10 83
15 11 3
16 12 7
17 13 2
11 8 5
12 9 1
13 10 98
14 11 109
15 12 1
7 5 1
10 8 2
11 9 7
12 10 26
13 11 14
14 12 15
15 13 5
16 14 1
19 17 3