:nominal
a,50,1,a
b,50,1,b
next-note,50,2,z

:data
18 17 0 1
10 18 10 1
17 15 0 1
19 16 0 1
18 17 2 1
9 16 11 1
4 12 12 3
19 20 5 1
14 18 8 1
14 21 11 1
10 17 12 1
14 16 7 1
15 18 8 1
11 18 12 1
7 12 11 1
40 18 16 1
18 20 8 1
16 17 7 1
19 24 11 1
14 16 8 3
13 15 8 1
15 19 10 13
14 18 10 9
14 19 11 1
11 17 12 1
8 12 10 1
11 18 13 1
7 12 12 4
20 18 5 1
17 15 5 2
17 16 6 1
14 16 9 4
15 18 10 9
14 18 11 1
12 15 10 1
12 17 12 16
10 15 12 1
18 15 5 1
20 21 9 1
18 18 8 1
17 19 10 23
14 15 9 3
15 17 10 3
16 19 11 10
14 16 10 1
15 18 11 1
13 15 10 28
15 19 12 1
12 14 10 1
14 18 12 4
13 17 12 1
13 18 13 4
10 15 13 4
7 10 11 1
22 23 10 1
17 16 8 2
19 20 10 1
15 13 7 1
17 18 10 25
17 19 11 19
18 22 13 1
14 15 10 20
14 16 11 28
15 18 12 1
13 15 11 1
10 10 9 1
12 14 11 2
12 15 12 1
14 19 14 4
12 17 14 1
9 12 12 2
13 20 16 1
10 15 14 1
11 18 16 1
10 17 17 1
20 18 8 3
22 22 10 1
17 15 8 1
19 19 10 9
17 16 9 3
18 18 10 14
17 17 10 18
18 19 11 4
17 18 11 1
15 15 10 3
17 19 12 2
12 10 8 1
14 15 11 2
15 17 12 4
13 14 11 1
14 16 12 3
13 15 12 2
9 10 11 1
10 12 12 1
8 10 12 1
8 12 14 1
21 19 9 1
20 19 10 25
19 18 10 2
18 17 10 1
19 19 11 15
20 21 12 3
17 16 10 2
17 17 11 13
15 14 10 13
17 18 12 1
18 20 13 3
16 17 12 4
13 12 10 2
16 18 13 1
14 15 12 5
15 17 13 1
13 15 13 9
12 15 14 1
11 14 14 1
13 18 16 2
19 12 5 1
21 19 10 4
22 21 11 4
20 18 10 31
18 15 9 1
19 17 10 2
20 19 11 16
19 18 11 7
20 20 12 1
21 22 13 1
22 24 14 1
17 15 10 12
19 19 12 1
17 16 11 13
18 18 12 1
19 20 13 1
15 13 10 13
17 17 12 1
14 12 10 1
15 14 11 2
17 18 13 11
14 13 11 11
15 15 12 1
17 19 14 16
13 12 11 2
16 18 14 1
14 15 13 4
15 17 14 2
16 19 15 1
12 12 12 1
14 16 14 16
15 18 15 1
12 15 15 1
24 21 10 1
28 29 14 2
25 24 12 1
22 19 10 2
21 18 10 1
22 20 11 1
21 19 11 37
22 21 12 1
20 18 11 3
19 17 11 1
20 19 12 5
18 16 11 1
19 18 12 1
18 17 12 3
20 21 14 1
16 14 11 9
17 16 12 5
19 20 14 2
14 12 11 2
15 15 13 3
16 17 14 1
17 19 15 3
15 16 14 1
11 9 11 1
14 15 14 15
16 19 16 1
14 16 15 1
15 18 16 1
14 18 17 2
22 18 10 3
21 17 10 1
22 19 11 1
22 20 12 1
19 15 10 1
21 19 12 3
20 18 12 8
21 20 13 1
19 17 12 1
20 19 13 1
16 12 10 1
16 13 11 1
17 15 12 5
18 17 13 1
17 16 13 1
19 20 15 1
16 15 13 3
17 17 14 2
16 16 14 2
17 18 15 1
15 15 14 1
12 10 12 1
16 18 16 1
12 12 14 2
24 19 10 1
22 19 12 1
27 29 17 1
21 18 12 1
19 16 12 1
20 18 13 35
20 19 14 31
16 12 11 2
19 18 14 1
22 24 17 1
17 15 13 28
18 17 14 1
17 16 14 25
16 15 14 1
19 21 17 2
17 18 16 1
17 19 17 1
12 10 13 1
15 17 17 1
10 12 17 1
13 18 20 1
22 18 12 1
21 17 12 4
21 18 13 1
21 19 14 22
20 18 14 3
19 17 14 2
20 19 15 11
17 15 14 22
19 19 16 1
16 14 14 2
14 12 14 1
15 14 15 1
17 18 17 2
14 15 17 1
29 24 12 1
27 24 14 1
29 29 17 2
23 18 12 2
27 27 17 1
22 18 13 1
19 16 14 3
20 18 15 16
17 14 14 1
19 18 16 1
17 15 15 2
15 15 17 1
29 23 12 1
23 16 11 1
23 18 13 1
24 20 14 1
23 19 14 1
25 24 17 1
21 19 16 15
22 21 17 1
20 18 16 1
20 19 17 3
15 14 17 1
17 19 20 1
13 12 17 2
10 9 17 2
25 18 12 1
19 12 12 2
21 16 14 2
20 18 17 2
19 17 17 1
16 14 17 1
15 13 17 2
7 5 17 1
25 19 14 1
27 24 17 1
22 15 13 2
20 19 19 3
17 16 19 1
15 14 19 1
19 17 19 1
16 19 24 1
22 12 12 2
20 18 20 1
22 16 17 1
24 12 11 1
24 12 12 1
27 15 13 2
24 12 17 1
15 17 0 1
14 16 0 1
0 12 12 1
10 15 5 1