:nominal
a,50,1,a
b,50,1,b
c,50,1,c
next-note,50,2,z

:data
26 27 15 13 2
12 20 19 10 1
15 22 18 10 1
12 17 17 11 9
5 4 12 12 2
12 15 14 10 1
11 13 14 11 1
10 14 19 14 1
12 13 12 10 2
8 7 12 12 2
12 14 15 12 1
14 16 14 11 2
13 14 13 11 1
10 9 12 12 1
14 16 15 12 1
12 13 15 13 2
15 17 15 12 1
13 14 15 13 1
13 15 17 14 1
10 11 18 16 1
16 20 19 14 2
13 15 18 15 1
17 21 19 14 12
12 11 14 14 1
14 14 15 14 1
15 17 18 15 1
16 17 16 14 7
15 16 18 16 1
18 19 16 14 1
17 16 14 14 1
16 17 19 17 1
20 19 12 12 1
20 21 16 14 1
18 17 15 15 1
17 15 14 15 1
24 24 12 12 1
10 17 17 10 1
7 12 17 12 3
10 15 15 10 1
9 14 16 11 1
12 17 15 10 1
9 12 14 11 1
12 17 17 12 1
8 7 10 11 1
12 14 13 11 1
10 9 10 11 1
10 10 12 12 1
13 15 15 13 1
12 14 16 14 2
15 17 15 13 9
14 16 16 14 1
10 8 12 14 1
15 17 16 14 1
16 20 19 15 1
17 19 16 14 1
14 12 12 14 1
20 22 15 13 1
15 15 17 17 1
22 22 12 12 1
17 17 19 20 1
20 19 17 19 1
19 17 16 19 1
21 20 18 20 1
11 17 17 12 1
11 14 13 11 1
12 14 12 11 1
14 16 12 11 2
12 14 15 14 5
12 14 16 15 1
13 12 10 12 1
15 17 15 14 5
16 17 14 14 1
16 19 18 16 1
15 14 12 14 1
15 17 18 17 1
22 24 12 11 1
15 14 15 17 1
17 15 14 17 1
5 7 12 12 1
6 10 15 13 1
10 17 18 13 1
7 12 17 14 1
10 12 12 12 1
12 17 17 14 1
8 10 17 17 1
14 16 14 14 1
17 19 12 12 1
17 21 16 14 1
13 12 10 13 1
16 20 19 17 2
17 20 18 17 1
17 19 17 17 1
15 15 15 17 1
17 15 13 17 1
4 12 17 12 3
9 14 13 11 2
10 17 16 12 1
9 13 12 11 2
8 13 15 13 1
9 14 16 14 3
12 17 15 13 2
12 17 16 14 2
15 13 12 17 2
17 15 14 19 1
17 16 19 24 1
9 11 9 11 1
16 20 19 19 1
24 24 12 17 1
7 14 13 11 1
9 16 13 11 1
9 10 12 17 1
13 16 14 17 1
12 10 9 17 1
12 15 13 17 1
0 12 17 12 1
36 14 13 11 1
5 12 12 14 1
26 19 24 11 1
5 10 9 17 1
20 18 17 0 1
31 28 29 14 1
16 14 16 0 1
24 12 17 12 1
4 7 5 17 1
19 18 17 2 1
14 15 17 0 1
18 17 15 0 1
22 12 17 12 2
23 22 23 10 1
17 19 16 0 1
29 27 29 17 1
26 14 16 14 2
24 20 19 10 1
26 28 29 14 1
26 21 19 11 1
25 22 24 14 1
19 7 12 11 1
30 29 29 17 1
17 19 20 5 1
16 14 21 11 1
20 18 18 8 1
22 20 18 8 1
23 20 19 10 1
21 17 19 11 1
24 22 21 11 1
23 19 19 11 1
19 12 17 12 2
21 14 16 11 1
24 17 18 13 1
12 10 15 5 1
17 15 19 10 13
21 20 18 8 2
21 22 22 10 1
19 17 19 10 8
22 20 19 10 3
21 17 17 10 1
20 18 22 13 1
23 20 18 10 1
24 22 20 11 1
24 21 19 11 1
24 22 21 12 1
28 27 27 17 1
18 17 15 5 1
17 18 20 8 1
15 14 18 8 1
17 16 17 7 1
17 15 18 10 7
16 14 19 11 1
19 17 16 8 1
22 19 12 5 1
19 17 18 10 1
19 17 19 11 1
22 21 19 10 3
22 22 21 11 1
22 20 18 10 9
21 19 19 11 1
19 14 15 10 1
21 20 21 12 1
22 18 15 9 1
22 20 19 11 5
23 21 19 11 4
21 17 17 11 3
21 18 20 13 1
24 21 19 12 1
24 20 19 13 1
27 29 29 17 1
17 20 18 5 1
12 10 18 10 1
18 20 21 9 1
25 13 18 20 1
16 14 16 8 2
19 19 19 10 7
18 17 18 10 5
17 15 17 10 1
17 16 19 11 9
17 15 18 11 1
22 24 21 10 1
19 17 16 9 3
20 20 19 10 2
19 18 19 11 2
20 19 18 10 1
19 17 17 10 1
21 20 18 10 3
20 18 17 10 1
20 19 19 11 1
21 20 19 11 1
19 17 19 12 2
17 13 18 13 2
24 24 19 10 1
23 22 18 10 2
22 21 19 11 3
21 19 18 11 1
22 20 18 11 1
22 20 19 12 3
22 17 16 12 1
21 14 16 14 1
24 22 24 17 1
27 25 24 17 1
17 18 15 5 1
14 15 18 8 1
15 14 18 10 7
16 14 16 9 1
16 15 18 10 1
18 17 17 10 3
19 19 19 11 11
17 14 15 10 2
18 17 18 11 1
20 20 18 10 1
20 19 17 10 1
19 17 16 10 1
21 21 19 11 5
20 19 18 11 4
21 20 18 11 1
20 17 16 11 1
21 20 19 12 1
19 16 17 12 1
22 21 19 12 1
21 19 18 12 1
22 20 18 12 5
21 20 21 14 1
21 17 16 12 1
23 17 15 13 1
26 23 19 14 1
13 14 16 7 1
17 19 20 10 1
16 17 19 10 1
19 21 19 9 1
18 17 15 8 1
15 14 18 11 1
19 20 19 10 16
18 18 18 10 12
16 14 16 10 1
19 21 22 13 1
15 13 18 13 1
18 17 18 12 2
17 15 17 12 1
21 22 19 11 1
19 17 15 10 3
19 17 16 11 9
20 18 17 12 2
20 19 20 14 1
19 17 19 14 1
22 20 18 13 4
23 21 18 13 1
22 20 19 14 8
15 17 19 10 14
11 9 16 11 1
17 19 19 10 2
16 17 19 11 15
12 10 17 12 1
19 21 19 10 1
19 22 21 11 1
15 13 15 10 15
19 20 18 10 3
18 20 21 12 2
19 19 17 10 1
19 20 19 11 3
16 14 16 11 17
19 18 16 11 1
18 17 18 13 4
20 19 17 12 1
19 17 16 12 1
22 21 17 12 1
21 20 18 13 6
17 11 12 12 1
20 19 20 15 1
23 22 18 13 1
22 21 19 14 3
21 17 15 13 1
22 20 18 14 1
19 14 15 14 1
22 20 19 15 8
21 19 21 17 1
26 27 24 17 1
24 22 21 17 1
12 14 16 8 1
12 13 15 8 1
13 14 16 9 1
13 15 18 10 1
15 15 13 7 1
15 17 18 10 18
14 16 19 11 1
15 17 19 11 1
18 22 21 11 1
16 17 17 10 3
16 18 19 11 1
18 20 18 10 11
15 14 15 10 9
14 12 14 10 1
16 15 15 10 1
19 21 19 11 19
18 19 18 11 1
14 13 18 13 1
18 17 15 10 6
17 15 14 10 12
17 18 20 13 2
18 18 18 12 1
17 16 17 12 1
16 14 16 12 1
15 14 19 14 2
17 16 19 15 1
19 17 15 12 2
20 20 18 13 12
19 17 16 13 1
20 20 19 14 12
21 21 19 14 4
20 19 18 14 1
23 24 20 14 1
21 19 17 14 1
22 20 18 15 13
21 19 19 16 1
25 22 15 13 1
12 17 15 5 1
12 17 16 6 1
12 14 16 9 2
16 20 19 10 1
14 17 19 11 1
15 17 17 10 4
13 13 15 10 1
17 20 18 10 1
12 12 17 12 1
16 17 16 10 1
17 20 19 11 4
14 14 16 11 2
16 17 17 11 1
17 19 19 12 1
15 14 15 11 2
14 12 14 11 1
17 19 20 13 1
14 12 15 12 1
17 15 13 10 13
17 15 14 11 1
17 17 19 14 2
18 16 15 13 3
15 13 18 16 1
17 16 19 16 1
20 19 17 14 1
19 17 16 14 15
17 14 18 17 1
24 25 19 14 1
21 20 18 15 2
22 21 19 16 15
22 20 19 17 1
12 14 15 9 3
12 13 15 10 11
10 8 12 10 1
16 20 19 11 1
13 14 16 11 2
17 21 19 11 1
17 20 18 11 1
15 17 18 12 1
14 15 17 12 1
17 19 17 11 1
16 17 16 11 2
18 19 15 10 1
15 14 15 12 3
17 16 14 11 7
16 14 13 11 1
17 19 20 14 1
16 17 19 14 2
13 13 20 16 1
15 13 15 13 5
19 20 18 13 1
18 18 17 13 1
20 21 17 12 3
19 20 19 14 4
17 15 15 13 1
17 16 17 14 1
16 14 16 14 4
20 19 16 14 1
19 17 15 14 16
20 20 18 15 1
21 20 18 16 1
22 20 18 17 1
12 17 16 8 1
15 20 18 10 1
12 14 15 10 6
10 12 17 12 1
13 15 15 10 1
12 14 16 11 3
13 12 10 8 1
15 19 18 11 1
12 13 15 11 1
10 10 15 12 1
15 17 15 10 1
12 10 10 9 1
16 20 19 12 1
14 16 17 12 1
14 16 18 13 1
15 14 12 10 1
15 17 18 13 5
14 15 17 13 1
15 14 13 11 1
15 17 19 14 11
17 16 12 10 1
14 13 15 13 1
18 20 18 13 5
15 14 15 13 2
15 14 16 14 3
16 17 19 15 1
14 12 15 14 1
19 21 19 14 2
17 17 17 14 1
16 15 16 14 1
14 13 18 16 1
18 17 15 13 14
17 16 16 14 1
19 20 19 15 2
17 15 15 14 1
15 12 15 15 1
16 15 18 16 1
18 17 18 17 1
19 17 15 15 1
22 20 19 19 2
10 15 17 10 1
2 0 12 12 1
9 12 15 10 1
12 17 17 10 5
10 13 15 10 1
9 12 17 12 2
8 11 18 13 1
12 15 17 12 1
10 10 15 13 1
14 15 14 11 1
14 15 15 12 1
11 9 12 12 1
17 19 16 12 1
15 14 12 11 1
17 20 18 13 6
14 14 15 13 1
14 15 17 14 1
17 20 19 14 5
15 15 15 13 1
14 14 16 14 1
15 17 19 15 2
18 20 18 14 2
17 18 17 14 1
15 14 15 14 8
17 16 15 14 1
17 19 21 17 1
18 17 15 14 1
15 14 18 17 1